,c0_c1,c1_c2,c2_c3,p1,p2,p3,p4,v1,v2,v3,v4
0,22.186302185058594,22.186317443847656,22.186279296875,[-100.          -48.86999893],[-122.18630219  -48.86999893],[-144.37261963  -48.86999893],[-166.55889893  -48.86999893],0.0,0.0,0.0,0.0
1,22.186302185058594,22.186317443847656,22.186279296875,[-100.          -48.86999893],[-122.18630219  -48.86999893],[-144.37261963  -48.86999893],[-166.55889893  -48.86999893],0.0,0.0,0.0,0.0
2,22.186302185058594,22.186317443847656,22.186279296875,[-100.          -48.86999893],[-122.18630219  -48.86999893],[-144.37261963  -48.86999893],[-166.55889893  -48.86999893],0.0,0.0,0.0,0.0
3,22.188255310058594,22.186302185058594,22.186279296875,[-99.99635315 -48.86999893],[-122.18460846  -48.86999893],[-144.37091064  -48.86999893],[-166.55718994  -48.86999893],0.09550646767510092,0.04772365825864126,0.047724287784962904,0.04772409783919404
4,22.207221984896044,22.186080932625387,22.18510437012014,[-99.95761871 -48.86987686],[-122.1648407   -48.86991501],[-144.35092163  -48.86993408],[-166.536026    -48.86994553],0.6344096147787697,0.3796697572021975,0.3486876135774004,0.3678054078881442
5,22.2884140020136,22.186225891114592,22.18479919440022,[-99.87469482 -48.87005615],[-122.16310883  -48.86989975],[-144.34933472  -48.86989212],[-166.53413391  -48.86994553],0.9771261277643981,2.899687732698104e-05,2.755770773341543e-05,3.0285170480127264e-05
6,22.38690185546875,22.186798095703452,22.18478393558656,[-99.76821899 -48.86988831],[-122.15512085  -48.86988831],[-144.34191895  -48.86989212],[-166.52670288  -48.86993408],1.1549958715889934,0.14385637121011005,0.1755024053624494,0.16680098981651242
7,22.49131774933432,22.189476013199663,22.18577575719308,[-99.63518524 -48.86982346],[-122.12650299  -48.86994171],[-144.315979    -48.86991501],[-166.50175476  -48.86978912],1.4964319537163493,0.35538784329188783,0.3299179475209275,0.3315724989743942
8,22.613349914785342,22.203155517594183,22.18821716308889,[-99.46208954 -48.86988068],[-122.07543945  -48.86977768],[-144.27859497  -48.86980438],[-166.46681213  -48.86979294],1.8566167310947361,0.6247004993066806,0.4403178012997945,0.38720660285293645
9,22.735176087291144,22.232986451753394,22.188888550026356,[-99.25876617 -48.86988068],[-121.99394226  -48.86968231],[-144.22692871  -48.86994553],[-166.41581726  -48.86984634],2.141087684251594,0.9768050978079914,0.6210711600318698,0.6023831547199564
10,22.851432800461403,22.274078369924926,22.19073486397505,[-99.02732086 -48.86972046],[-121.87875366  -48.8698082 ],[-144.15283203  -48.86999512],[-166.34356689  -48.86981964],2.4428016868805393,1.273103396955272,0.8417713373902359,0.7995985549466421
11,22.96788788268067,22.331138610839844,22.194396972762465,[-98.76364136 -48.86936951],[-121.73152924  -48.86981201],[-144.06266785  -48.86981201],[-166.25706482  -48.86974335],2.7707990968181186,1.610747338581396,0.9875748675492443,0.9359363425180347
12,23.0793686096191,22.405448913620983,22.20504760777871,[-98.46864319 -48.8689003 ],[-121.54801178  -48.86981964],[-143.95346069  -48.86977386],[-166.1585083   -48.86964798],3.0741923335910686,1.966699600959365,1.207408071098907,1.0649095186465198
13,23.187072801879346,22.489341736383697,22.227020263736033,[-98.14409637 -48.86832809],[-121.33116913  -48.86981964],[-143.82051086  -48.86966324],[-166.04753113  -48.86971664],3.3736433217850994,2.2890551097961302,1.432882589509176,1.156695018279159
14,23.28530129995012,22.585395813669958,22.25321960548125,[-97.79762268 -48.86775589],[-121.08292389  -48.86981964],[-143.6683197   -48.86964417],[-165.92153931  -48.86985397],3.466118325036818,2.6053340448035285,1.6128704574325203,1.364419093261133
15,23.35001387320705,22.68606567456707,22.283203126836685,[-97.45743561 -48.86725998],[-120.80744934  -48.86981964],[-143.49351501  -48.86963654],[-165.77671814  -48.86992264],3.3175884982473605,2.873532058391189,1.871100426247475,1.5021171418413868
16,23.36901111960693,22.785636902591186,22.332290653356296,[-97.13647461 -48.86680603],[-120.50548553  -48.86981964],[-143.29112244  -48.86963654],[-165.62341309  -48.87005615],3.0996524515227764,3.1308839340658703,2.1409196861542927,1.5579559106050678
17,23.342346443327635,22.88292694162035,22.400070197835873,[-96.83827972 -48.8663826 ],[-120.18062592  -48.86981201],[-143.06355286  -48.86963272],[-165.46362305  -48.87020874],2.864052397361573,3.3285679840725373,2.384511710117478,1.6580914645480185
18,23.282753310771934,22.97152710030905,22.47512818539222,[-96.55718231 -48.86595154],[-119.8399353   -48.86981201],[-142.8114624   -48.86963272],[-165.28659058  -48.8703537 ],2.778887484796985,3.4610011613890186,2.634921790810484,1.874985274231074
19,23.212402754692484,23.046638489496917,22.55326844968337,[-96.2753067  -48.86544418],[-119.48770905  -48.86981201],[-142.53434753  -48.86962891],[-165.08761597  -48.87050629],2.839605991098202,3.5686056649418574,2.878854038364226,2.079599466584283
20,23.141052778277544,23.108863831353545,22.63578798782349,[-95.98419952 -48.86484909],[-119.12525177  -48.86981201],[-142.2341156   -48.86962128],[-164.86990356  -48.87066269],2.951138891306244,3.666490797331808,3.1006326706320113,2.265561189747965
21,23.07257911812283,23.158836365531535,22.719711335085382,[-95.68104553 -48.8641777 ],[-118.75362396  -48.86981201],[-141.91246033  -48.86962128],[-164.63217163  -48.87081528],3.0784104210860903,3.7527008104074158,3.31048155296524,2.477918947126154
22,23.00200739402748,23.19657135088182,22.802261393893037,[-95.37182617 -48.86350632],[-118.3738327  -48.8698082],[-141.57040405  -48.86961746],[-164.37266541  -48.87099075],3.040426311322316,3.8314750249105973,3.508628850290023,2.692694027773453
23,22.911019421205456,23.22221374593213,22.882888845842288,[-95.0761795  -48.86287308],[-117.98719788  -48.8698082 ],[-141.20941162  -48.86961365],[-164.09230042  -48.87115479],2.856965529968754,3.8871922561622325,3.6902175019561816,2.8988960056658857
24,22.79535798795973,23.234725953028075,22.960052555839848,[-94.8010788  -48.86231232],[-117.59643555  -48.86982346],[-140.8311615   -48.86962128],[-163.79121399  -48.87135696],2.637395513415981,3.9205186445713283,3.8558099358914895,3.1077275274105167
25,22.65613698615285,23.23286438057462,23.03186042772201,[-94.54834747 -48.86178207],[-117.20448303  -48.86982346],[-140.43734741  -48.86964417],[-163.46920776  -48.87151718],2.4097151676807993,3.905370479447781,4.003606328029577,3.315002106768211
26,22.505265929133827,23.212638855702654,23.096954434860795,[-94.31198883 -48.86122131],[-116.81725311  -48.86983109],[-140.02989197  -48.86964798],[-163.12684631  -48.8716774 ],2.330483100330271,3.8383073885912604,4.128627307193437,3.514950634042967
27,22.36329843471037,23.17390441937514,23.153411965550802,[-94.07424927 -48.86054611],[-116.43754578  -48.86982727],[-139.6114502   -48.86968613],[-162.76486206  -48.87184143],2.398378752676536,3.7625558449231264,4.22682524844003,3.7083015997715565
28,22.23856583867092,23.11959075991463,23.19923412282747,[-93.82643127 -48.85975647],[-116.06499481  -48.86987305],[-139.18458557  -48.86970139],[-162.38381958  -48.87200165],2.5191829477087038,3.6931059456654487,4.300270086618756,3.8961844460753547
29,22.133555294953535,23.052406311421798,23.233169679961676,[-93.56558228 -48.85885239],[-115.69913483  -48.86987305],[-138.75154114  -48.86973953],[-161.98471069  -48.87214279],2.656928509980201,3.627966168355771,4.35251761438551,4.067395843605901
30,22.041888618173363,22.974990845030902,23.25515760575531,[-93.29750061 -48.85791779],[-115.33938599  -48.86987305],[-138.31437683  -48.86975479],[-161.5695343   -48.87226105],2.6323121260872226,3.5711083487533832,4.384768015170055,4.221200093346182
31,21.943820886445632,22.889335632629695,23.264862208152582,[-93.04160309 -48.85704803],[-114.98542023  -48.86987305],[-137.87475586  -48.86975479],[-161.13961792  -48.87237549],2.4627624057717132,3.5080435359007556,4.404969221001274,4.362790170945252
32,21.834095455053998,22.795013427862052,23.262252957829265,[-92.80496216 -48.85622406],[-114.63905334  -48.86987686],[-137.43406677  -48.86980057],[-160.69631958  -48.87244415],2.2554728237927573,3.419369229427934,4.404646408937098,4.488934541867483
33,21.713452356166258,22.691841125580947,23.24656692935187,[-92.5894928  -48.85546112],[-114.30294037  -48.86987686],[-136.99478149  -48.86981201],[-160.24134827  -48.87251282],2.0388573639025425,3.3072908007737736,4.3803992320488225,4.597715865444682
34,21.589482882866065,22.579856872579217,23.21752945351872,[-92.38959503 -48.85468674],[-113.97907257  -48.86987686],[-136.55892944  -48.86984634],[-159.77645874  -48.87254333],1.9655328249285202,3.1766781896809384,4.338778028268536,4.688714981183531
35,21.48071125619458,22.459701538094038,23.175247350201438,[-92.18782806 -48.85382843],[-113.66853333  -48.86987686],[-136.12823486  -48.86985779],[-159.30348206  -48.87256241],2.0394712966316377,3.043352851518605,4.277911191894265,4.76095533596801
36,21.395537492528145,22.333862304688804,23.11932388423796,[-91.97531891 -48.85282516],[-113.37084961  -48.86987305],[-135.70471191  -48.86988068],[-158.82403564  -48.87254715],2.167560079081109,2.9204440210134464,4.1979436960663215,4.821116464571559
37,21.33551800347172,22.205520629891005,23.049713283749103,[-91.74899292 -48.85168839],[-113.08450317  -48.86987305],[-135.2900238   -48.86989212],[-158.33973694  -48.87251282],2.3133751275034786,2.815353642141681,4.103553301917608,4.8559460946207995
38,21.29318355832275,22.077758789118196,22.968139790642198,[-91.51448822 -48.8504982 ],[-112.80766296  -48.86987305],[-134.88542175  -48.86992264],[-157.8535614   -48.87247849],2.2988489836137007,2.727763662655497,3.997947701079518,4.863873533538787
39,21.248186452927108,21.952606201227887,22.87568677989032,[-91.29106903 -48.84938431],[-112.53924561  -48.86987305],[-134.49185181  -48.86992264],[-157.36753845  -48.87240219],2.140341572433966,2.6427607636314665,3.883585934914626,4.855231372220324
40,21.194201918595212,21.83010101326892,22.77326977812325,[-91.08584595 -48.84833908],[-112.28003693  -48.86987305],[-134.11013794  -48.86993408],[-156.88340759  -48.87231827],1.9433473318114052,2.5425446134128835,3.7619831652244335,4.8272267376070745
41,21.12062465502515,21.709129333604686,22.662170525738503,[-90.91127014 -48.84777832],[-112.03188324  -48.86987305],[-133.74101257  -48.86994171],[-156.40318298  -48.87223053],1.2013032431670863,2.425734291581283,3.632315404768713,4.779037599434374
42,20.943394111834717,21.587234497191986,22.543441879542552,[-90.85471344 -48.84759521],[-111.7980957   -48.86987305],[-133.3853302   -48.86994553],[-155.92877197  -48.87214279],0.606183023393181,2.2543699838574134,3.4937112409545077,4.713649424338096
43,20.801625467022703,21.461311340481544,22.41757211753482,[-90.78135681 -48.84695816],[-111.58296967  -48.86986542],[-133.04428101  -48.86994553],[-155.46185303  -48.87202072],0.8061170546844434,2.061675319398781,3.3418836676442205,4.631010713599212
44,20.694974906135073,21.333869934232435,22.285278404236855,[-90.69005585 -48.84635162],[-111.3850174   -48.86986542],[-132.71888733  -48.86994553],[-155.00416565  -48.87187958],1.0010322896359152,1.9100414614295007,3.18265105177129,4.530690846130159
45,20.620573839611534,21.20745849624505,22.14782722224759,[-90.58155823 -48.84571075],[-111.20211792  -48.86986542],[-132.40957642  -48.86994553],[-154.55740356  -48.87175369],1.2019058207297193,1.7582961407889948,3.0205125897059926,4.413984468616194
46,20.536147685113733,21.044059753570444,22.006424013624464,[-90.53653717 -48.84514999],[-111.07266998  -48.86986542],[-132.11672974  -48.86994553],[-154.12315369  -48.87161636],0.00021416299752223392,0.3624771850731764,2.853896149758,4.282453244186244
47,20.48753320924916,20.819854736512994,21.85893254998445,[-90.53649902 -48.84515381],[-111.02401733  -48.8698616 ],[-131.84387207  -48.86994934],[-153.70280457  -48.87149811],0.00011449403313599217,0.6005472446963143,2.6056327901520406,4.137046990479384
48,20.481704392904437,20.57727050790302,21.70286564673054,[-90.53639221 -48.84514999],[-111.01808167  -48.86988831],[-131.59535217  -48.86994934],[-153.29821777  -48.87136459],9.384614128522376e-05,0.00013457241931890537,2.399331100244357,3.9698118673525102
49,20.479781786885084,20.352523803814254,21.542282144693168,[-90.53631592 -48.84514999],[-111.01608276  -48.86988831],[-131.36860657  -48.86995316],[-152.91088867  -48.87126923],5.561232550543063e-05,0.09396839955035496,2.145714051159471,3.794791157515431
50,20.48155182356088,20.150856018170757,21.37496951727844,[-90.53452301 -48.84513474],[-111.01605988  -48.86988831],[-131.16691589  -48.86995316],[-152.54188538  -48.87117386],0.019113768721575868,8.342519657956153e-05,1.9165543359246262,3.6048454824619376
51,20.484672289777688,20.055564887998752,21.122192455069865,[-90.52964783 -48.84509659],[-111.01430511  -48.86988831],[-131.06987     -48.86933517],[-152.19206238  -48.87108231],0.125973536272129,0.007368317810487034,0.005198334045833492,3.4116491835471288
52,20.50197591507481,20.051017769286595,20.80072028225631,[-90.51133728 -48.84495544],[-111.01329803  -48.86988831],[-131.0643158   -48.86931992],[-151.86503601  -48.87099457],0.25771218451707145,2.2892284894993102e-05,0.1168892009766332,3.128441996953195
53,20.539314465554845,20.049118049105157,20.505828915621862,[-90.47397614 -48.84469223],[-111.01327515  -48.86988831],[-131.06239319  -48.86935425],[-151.56822205  -48.8708992 ],0.45366063135456547,1.5972237721825666e-05,0.0001917050625825133,2.848986324170756
54,20.542396935764366,20.048904426058357,20.238632254061447,[-90.46921539 -48.84453201],[-111.01159668  -48.86988831],[-131.0605011   -48.86935425],[-151.2991333   -48.87080383],3.819543805870901e-05,0.06359279191898268,0.0913079960113512,2.5607828255450378
55,20.54280892275521,20.04853058572646,19.99742131076067,[-90.46920776 -48.84453201],[-111.01200104  -48.86988831],[-131.06053162  -48.86935425],[-151.05795288  -48.87071228],2.395662739589945e-05,4.0238339235737605e-06,6.81874124828207e-05,2.2917026471394557
56,20.543022545639356,20.048278815707018,19.78372196559596,[-90.46918488 -48.84453201],[-111.01219177  -48.86988831],[-131.06047058  -48.86935425],[-150.8441925  -48.8706398],1.9127695553057135e-05,0.04635803802279719,4.0007361648374176e-05,2.0114861800076445
57,20.543625267348215,20.047660834750207,19.645889292309484,[-90.46916962 -48.84453201],[-111.01277924  -48.86988831],[-131.06044006  -48.86935425],[-150.70632935  -48.86998367],1.1219410046676478e-05,2.787351681406649e-06,2.223665150850816e-05,0.35483772673190306
58,20.543625267348215,20.04764557596115,19.638854989484944,[-90.46916962 -48.84453201],[-111.01277924  -48.86988831],[-131.0604248   -48.86935425],[-150.69927979  -48.86994934],5.5979383821114415e-06,8.461122415412828e-07,1.221987685281922e-05,0.1314567516814856
59,20.5444492601683,20.047630317172093,19.63743592210278,[-90.46834564 -48.84451675],[-111.01277924  -48.86988831],[-131.06040955  -48.86935425],[-150.69784546  -48.86994934],0.031328395232426164,3.4688486288843894e-07,6.442859700711556e-06,0.00021989042297249187
60,20.54838603416657,20.047630317172093,19.637252816634117,[-90.46440887 -48.84450912],[-111.01277924  -48.86988831],[-131.06040955  -48.86935425],[-150.69766235  -48.86994934],0.11252320976959107,1.9262137193891576e-07,4.692081647410049e-06,0.00014545203447190527
61,20.565369370448952,20.047630317172093,19.637130746321674,[-90.44742584 -48.84425354],[-111.01277924  -48.86988831],[-131.06040955  -48.86935425],[-150.69754028  -48.86994934],0.27229450632570235,7.877071744899974e-08,2.704794359288506e-06,8.314964613620135e-05
62,20.59889308969922,20.047630317172093,19.63706971116545,[-90.41390228 -48.84410477],[-111.01277924  -48.86988831],[-131.06040955  -48.86935425],[-150.69747925  -48.86994934],0.4000652566628154,5.72167057959913e-08,1.4991349872197925e-06,4.601170159079486e-05
63,20.60259336702746,20.047630317172093,19.637054452376393,[-90.41020203 -48.84408569],[-111.01277924  -48.86988831],[-131.06040955  -48.86935425],[-150.69746399  -48.86994934],3.4069408696131315e-05,3.889561879524686e-07,7.376332772626347e-07,2.4166072374235557e-05
64,20.60259336702746,20.047630317172093,19.637023934798282,[-90.41020203 -48.84408569],[-111.01277924  -48.86988831],[-131.06040955  -48.86935425],[-150.69743347  -48.86994934],2.033171788429556e-05,8.834240462805883e-08,5.493389919397639e-07,1.7669210055047412e-05
65,20.602608625804553,20.047630317172093,19.637023934798282,[-90.41018677 -48.84408569],[-111.01277924  -48.86988831],[-131.06040955  -48.86935425],[-150.69743347  -48.86994934],1.6344309214190417e-05,6.477276869312908e-08,3.350601270125677e-07,1.025780142817994e-05
66,20.6026315139702,20.047630317172093,19.637008676009227,[-90.41016388 -48.84408569],[-111.01277924  -48.86988831],[-131.06040955  -48.86935425],[-150.69741821  -48.86994934],9.61301820219889e-06,2.0633307060232925e-07,1.782857172225281e-07,5.687723887394112e-06
67,20.605347595406688,20.047630317172093,19.637008676009227,[-90.40744781 -48.84407043],[-111.01277924  -48.86988831],[-131.06040955  -48.86935425],[-150.69741821  -48.86994934],0.006752670832895865,4.653809466123196e-08,8.103898423010321e-08,2.546887499113483e-06
68,20.611275682909778,20.047630317172093,19.63699341722017,[-90.40151978 -48.84402847],[-111.01277924  -48.86988831],[-131.06040955  -48.86935425],[-150.69740295  -48.86994934],0.13625323765515446,2.938906840045553e-09,8.614501094907536e-08,2.127676652101674e-06
69,20.63059339524219,20.047630317172093,19.63699341722017,[-90.38220215 -48.84394836],[-111.01277924  -48.86988831],[-131.06040955  -48.86935425],[-150.69740295  -48.86994934],0.26623648717509096,1.0211165032296463e-09,4.102359476036978e-08,1.2582478312519475e-06
70,20.66845087903878,20.047630317172093,19.63699341722017,[-90.34434509 -48.84358597],[-111.01277924  -48.86988831],[-131.06040955  -48.86935425],[-150.69740295  -48.86994934],0.47139125984226354,1.4120991758645279e-09,4.48174823743108e-08,7.047942216947472e-07
71,20.672593748733203,20.047630317172093,19.63699341722017,[-90.34020233 -48.84349823],[-111.01277924  -48.86988831],[-131.06040955  -48.86935425],[-150.69740295  -48.86994934],3.763922154467056e-05,1.5916869445269272e-09,3.147051634917988e-09,2.4259275436394103e-07
72,20.67260137812152,20.047630317172093,19.63699341722017,[-90.3401947  -48.84349823],[-111.01277924  -48.86988831],[-131.06040955  -48.86935425],[-150.69740295  -48.86994934],2.3409055595810547e-05,1.899628826699989e-09,3.7520151782286245e-08,2.418921054310102e-07
73,20.672624266286462,20.047630317172093,19.63699341722017,[-90.34017181 -48.84349823],[-111.01277924  -48.86988831],[-131.06040955  -48.86935425],[-150.69740295  -48.86994934],1.87118688555942e-05,5.264051864016381e-10,9.21238436987947e-09,1.3716238123475568e-07
74,20.672631895674776,20.047630317172093,19.63699341722017,[-90.34016418 -48.84349823],[-111.01277924  -48.86988831],[-131.06040955  -48.86935425],[-150.69740295  -48.86994934],1.1018921322142476e-05,1.8457064106382689e-09,1.8118594407494374e-08,1.1919977961698604e-07
75,20.67534797252554,20.047630317172093,19.63699341722017,[-90.33744812 -48.84348679],[-111.01277924  -48.86988831],[-131.06040955  -48.86935425],[-150.69740295  -48.86994934],0.006886507667351462,2.27028742936287e-09,3.2685958078114324e-08,1.2270664314142163e-08
76,20.681245543301777,20.047630317172093,19.63699341722017,[-90.3315506  -48.84344482],[-111.01277924  -48.86988831],[-131.06040955  -48.86935425],[-150.69740295  -48.86994934],0.13585870643533754,7.320235482219698e-10,3.597705678885898e-08,5.958337622417921e-08
77,20.698465297619247,20.047630317172093,19.63699341722017,[-90.31433105 -48.84326935],[-111.01277924  -48.86988831],[-131.06040955  -48.86935425],[-150.69740295  -48.86994934],0.21251717351954613,1.1320847838748265e-09,4.189047005574997e-08,4.2192731706567974e-08
78,20.732263767806007,20.047630317172093,19.63699341722017,[-90.28053284 -48.84305191],[-111.01277924  -48.86988831],[-131.06040955  -48.86935425],[-150.69740295  -48.86994934],0.4295769988268166,1.0304491286856048e-09,3.791691885452197e-08,2.706517226587614e-08
79,20.73620059632576,20.047630317172093,19.63699341722017,[-90.27659607 -48.84300232],[-111.01277924  -48.86988831],[-131.06040955  -48.86935425],[-150.69740295  -48.86994934],3.4647190045360195e-05,1.514178265295706e-09,7.454249307593323e-09,3.433561814065164e-08
80,20.736208225713877,20.047630317172093,19.63699341722017,[-90.27658844 -48.84300232],[-111.01277924  -48.86988831],[-131.06040955  -48.86935425],[-150.69740295  -48.86994934],2.114618768858495e-05,2.128637620230131e-09,1.1845504002664913e-09,1.3058429356950094e-07
81,20.736223484490115,20.047630317172093,19.63699341722017,[-90.27657318 -48.84300232],[-111.01277924  -48.86988831],[-131.06040955  -48.86935425],[-150.69740295  -48.86994934],1.692735531728871e-05,9.53003478281567e-10,3.0195570306565623e-09,7.308727495191258e-08
82,20.73624637265447,20.047630317172093,19.63699341722017,[-90.27655029 -48.84300232],[-111.01277924  -48.86988831],[-131.06040955  -48.86935425],[-150.69740295  -48.86994934],9.992376598171356e-06,1.5203216084507835e-09,5.700064744614088e-09,6.145916869991468e-08
83,20.738954825223907,20.047630317172093,19.63699341722017,[-90.27384186 -48.84298706],[-111.01277924  -48.86988831],[-131.06040955  -48.86935425],[-150.69740295  -48.86994934],0.006755386817622772,2.4150465505597866e-09,7.381128504637802e-10,6.15050005473844e-08
84,20.74487527990361,20.047630317172093,19.63699341722017,[-90.26792145 -48.84294891],[-111.01277924  -48.86988831],[-131.06040955  -48.86935425],[-150.69740295  -48.86994934],0.13626911226165425,6.250906593402293e-10,1.0097360004077184e-09,2.9297794841052904e-08
85,20.76271292318294,20.047630317172093,19.63699341722017,[-90.25008392 -48.84284592],[-111.01277924  -48.86988831],[-131.06040955  -48.86935425],[-150.69740295  -48.86994934],0.2462222402110775,5.433637284029282e-10,1.2111654694676249e-09,1.4101844456319103e-08
86,20.799379896421264,20.047630317172093,19.63699341722017,[-90.21341705 -48.84274292],[-111.01277924  -48.86988831],[-131.06040955  -48.86935425],[-150.69740295  -48.86994934],0.4368754743697096,8.23839651294557e-10,1.3983471677183e-09,9.604772226982055e-09
87,20.803766909209678,20.047630317172093,19.63699341722017,[-90.20903015 -48.84265518],[-111.01277924  -48.86988831],[-131.06040955  -48.86935425],[-150.69740295  -48.86994934],3.718367977620051e-05,9.233460509374123e-10,4.277098801613537e-10,6.805177604717027e-08
88,20.803774538597676,20.047630317172093,19.63699341722017,[-90.20902252 -48.84265518],[-111.01277924  -48.86988831],[-131.06040955  -48.86935425],[-150.69740295  -48.86994934],2.2614776334153847e-05,2.204631034409278e-09,9.154327340379666e-10,3.3096455919811894e-08
89,20.80379742676166,20.047630317172093,19.63699341722017,[-90.20899963 -48.84265518],[-111.01277924  -48.86988831],[-131.06040955  -48.86935425],[-150.69740295  -48.86994934],1.8062438112333407e-05,1.0451925990865095e-09,9.312104198214905e-10,4.562193558153458e-08
90,20.803805056149653,20.047630317172093,19.63699341722017,[-90.208992   -48.84265518],[-111.01277924  -48.86988831],[-131.06040955  -48.86935425],[-150.69740295  -48.86994934],1.0658063009315473e-05,1.0940639912290527e-09,7.878966972753701e-10,4.542602632387983e-08
91,20.80652113825339,20.047630317172093,19.63699341722017,[-90.20627594 -48.84263992],[-111.01277924  -48.86988831],[-131.06040955  -48.86935425],[-150.69740295  -48.86994934],0.006762604814193099,2.029239900849248e-09,7.749729266680771e-10,6.48589622234281e-08
92,20.812441593312435,20.047630317172093,19.63699341722017,[-90.20035553 -48.84260178],[-111.01277924  -48.86988831],[-131.06040955  -48.86935425],[-150.69740295  -48.86994934],0.13616525012903818,1.074842579046947e-09,2.885112270933661e-10,6.373790713708677e-08
93,20.83059964179493,20.047630317172093,19.63699341722017,[-90.18219757 -48.84252167],[-111.01277924  -48.86988831],[-131.06040955  -48.86935425],[-150.69740295  -48.86994934],0.3013940007235151,7.287650585563019e-10,2.1913162615932064e-10,3.364404651206168e-08
94,20.866282429635476,20.047630317172093,19.63699341722017,[-90.14651489 -48.84241486],[-111.01277924  -48.86988831],[-131.06040955  -48.86935425],[-150.69740295  -48.86994934],0.40979800919414766,8.28650422159389e-10,4.884465464852296e-10,1.1896894945421091e-08
95,20.870844758446236,20.047630317172093,19.63699341722017,[-90.14195251 -48.84244919],[-111.01277924  -48.86988831],[-131.06040955  -48.86935425],[-150.69740295  -48.86994934],3.624435061118911e-05,7.32830086462973e-10,1.0340621611686796e-09,6.777267929613289e-08
96,20.870852387834173,20.047630317172093,19.63699341722017,[-90.14194489 -48.84244919],[-111.01277924  -48.86988831],[-131.06040955  -48.86935425],[-150.69740295  -48.86994934],2.266670750538312e-05,1.3439195747643256e-09,1.7036998824673107e-10,4.6160634903006864e-08
97,20.870875275997985,20.047630317172093,19.63699341722017,[-90.141922   -48.84244919],[-111.01277924  -48.86988831],[-131.06040955  -48.86935425],[-150.69740295  -48.86994934],1.8070747559230744e-05,1.7933595430430158e-09,9.033125436347261e-10,3.0597852529082904e-08
98,20.870882905385923,20.047630317172093,19.63699341722017,[-90.14191437 -48.84244919],[-111.01277924  -48.86988831],[-131.06040955  -48.86935425],[-150.69740295  -48.86994934],1.0612859187707233e-05,5.694989777131929e-10,2.4322482572287226e-10,1.2157395469434541e-08
99,20.87359898755587,20.047630317172093,19.63699341722017,[-90.1391983  -48.84243393],[-111.01277924  -48.86988831],[-131.06040955  -48.86935425],[-150.69740295  -48.86994934],0.006764113633165888,1.4572053135890781e-09,6.015381231633633e-10,3.971048355982196e-08
100,20.879527072174653,20.047630317172093,19.63699341722017,[-90.13327026 -48.84239578],[-111.01277924  -48.86988831],[-131.06040955  -48.86935425],[-150.69740295  -48.86994934],0.13629755459396997,1.868368810200923e-09,1.1995878020624263e-09,6.548833157338236e-08
101,20.896205049937567,20.047630317172093,19.63699341722017,[-90.11659241 -48.84229279],[-111.01277924  -48.86988831],[-131.06040955  -48.86935425],[-150.69740295  -48.86994934],0.18682168481903103,1.5267446467321705e-09,1.1508167611907486e-09,3.605570664744299e-08
102,20.930468792246803,20.047630317172093,19.63699341722017,[-90.0823288  -48.84217072],[-111.01277924  -48.86988831],[-131.06040955  -48.86935425],[-150.69740295  -48.86994934],0.4333104578989061,8.919979165794455e-10,1.1593789767873854e-09,2.1022171049842234e-08
103,20.934443713415707,20.047630317172093,19.63699341722017,[-90.07835388 -48.84216309],[-111.01277924  -48.86988831],[-131.06040955  -48.86935425],[-150.69740295  -48.86994934],3.494793639237774e-05,9.594429690139887e-10,1.4656356889199414e-10,6.527034277394337e-08
104,20.93445134280355,20.047630317172093,19.63699341722017,[-90.07834625 -48.84216309],[-111.01277924  -48.86988831],[-131.06040955  -48.86935425],[-150.69740295  -48.86994934],2.1292241477064814e-05,1.635092325333467e-09,8.313646449227037e-10,6.821529674827216e-08
105,20.934466601579228,20.047630317172093,19.63699341722017,[-90.07833099 -48.84216309],[-111.01277924  -48.86988831],[-131.06040955  -48.86935425],[-150.69740295  -48.86994934],1.7004209283419684e-05,2.0112703596792514e-09,1.3683560647041934e-09,1.812677043208759e-08
106,20.93448186035491,20.047630317172093,19.63699341722017,[-90.07831573 -48.84216309],[-111.01277924  -48.86988831],[-131.06040955  -48.86935425],[-150.69740295  -48.86994934],1.0032772344058773e-05,1.517056508072509e-09,3.8423297453602244e-10,4.308399189274416e-08
107,20.93719794263776,20.047630317172093,19.63699341722017,[-90.07559967 -48.84214783],[-111.01277924  -48.86988831],[-131.06040955  -48.86935425],[-150.69740295  -48.86994934],0.006753056467850468,1.179100507002935e-09,1.2667925789919076e-09,3.8604916847250145e-08
108,20.94311839816176,20.047630317172093,19.63699341722017,[-90.06967926 -48.84210968],[-111.01277924  -48.86988831],[-131.06040955  -48.86935425],[-150.69740295  -48.86994934],0.13653266586019597,2.214004323620167e-09,1.5010527399237264e-09,2.3946154688763035e-08
109,20.959956543139604,20.047630317172093,19.63699341722017,[-90.05284119 -48.84204483],[-111.01277924  -48.86988831],[-131.06040955  -48.86935425],[-150.69740295  -48.86994934],0.1929731581086406,9.600577530057202e-10,1.4483890001598048e-10,1.3952907964826111e-08
110,20.996089608190996,20.047630317172093,19.63699341722017,[-90.01670837 -48.84183121],[-111.01277924  -48.86988831],[-131.06040955  -48.86935425],[-150.69740295  -48.86994934],0.4339252995737002,8.988738951123873e-10,4.242839089202612e-10,3.375168155560058e-08
111,21.053051015679614,20.047630317172093,19.63699341722017,[-89.95974731 -48.84153366],[-111.01277924  -48.86988831],[-131.06040955  -48.86935425],[-150.69740295  -48.86994934],0.6235300957660138,4.852928150620576e-10,3.805436366925856e-10,3.510469975847987e-08
112,21.062381751597375,20.047630317172093,19.63699341722017,[-89.95041656 -48.84153748],[-111.01277924  -48.86988831],[-131.06040955  -48.86935425],[-150.69740295  -48.86994934],6.236900377672024e-05,6.090614552797276e-10,9.310079837558738e-10,6.681327256732926e-08
113,21.062397010372614,20.047630317172093,19.63699341722017,[-89.95040131 -48.84153748],[-111.01277924  -48.86988831],[-131.06040955  -48.86935425],[-150.69740295  -48.86994934],3.949829974848563e-05,2.2286315729578905e-09,5.11549302910481e-10,2.438987158082957e-08
114,21.06242752792309,20.047630317172093,19.63699341722017,[-89.95037079 -48.84153748],[-111.01277924  -48.86988831],[-131.06040955  -48.86935425],[-150.69740295  -48.86994934],3.142644491532445e-05,1.1734423217936483e-09,7.400076374574028e-10,7.617518684893175e-08
115,21.062458045473573,20.047630317172093,19.63699341722017,[-89.95034027 -48.84153748],[-111.01277924  -48.86988831],[-131.06040955  -48.86935425],[-150.69740295  -48.86994934],1.850591702949763e-05,5.264051485158362e-10,3.9995752285765833e-10,6.989108005578233e-08
116,21.063793208850207,20.047630317172093,19.63699341722017,[-89.94900513 -48.84152222],[-111.01277924  -48.86988831],[-131.06040955  -48.86935425],[-150.69740295  -48.86994934],0.02480151317271065,1.618546218595752e-09,2.388969299941937e-10,3.98171301970452e-08
117,21.067920753803,20.047630317172093,19.63699341722017,[-89.94487762 -48.84148788],[-111.01277924  -48.86988831],[-131.06040955  -48.86935425],[-150.69740295  -48.86994934],0.11210113971454604,1.8635808446896293e-09,4.924002971071933e-10,1.0274134081852869e-09
118,21.083149176251165,20.047630317172093,19.63699341722017,[-89.92964935 -48.84136581],[-111.01277924  -48.86988831],[-131.06040955  -48.86935425],[-150.69740295  -48.86994934],0.18101421082691796,2.187762701481516e-10,2.709808324565702e-10,9.157847006841612e-08
119,21.11651267399306,20.047630317172093,19.63699341722017,[-89.89628601 -48.84122849],[-111.01277924  -48.86988831],[-131.06040955  -48.86935425],[-150.69740295  -48.86994934],0.40384600695644485,4.1348023082379873e-10,6.865486619518431e-10,9.238829199272774e-08
120,21.118320812955588,20.047630317172093,19.63699341722017,[-89.89447784 -48.84124756],[-111.01277924  -48.86988831],[-131.06040955  -48.86935425],[-150.69740295  -48.86994934],2.553488168091358e-05,9.902308902411157e-10,1.0400065559582419e-09,9.31531170921581e-10
121,21.118328442343106,20.047630317172093,19.63699341722017,[-89.89447021 -48.84124756],[-111.01277924  -48.86988831],[-131.06040955  -48.86935425],[-150.69740295  -48.86994934],1.972118902255868e-05,1.8123635335173638e-09,5.972738014900136e-10,6.68234753339079e-08
122,21.11833607173062,20.047630317172093,19.63699341722017,[-89.89446259 -48.84124756],[-111.01277924  -48.86988831],[-131.06040955  -48.86935425],[-150.69740295  -48.86994934],1.5256753330449627e-05,2.165113369855692e-09,8.428515475195095e-10,2.7410792139278438e-08
123,21.118358959893165,20.047630317172093,19.63699341722017,[-89.8944397  -48.84124756],[-111.01277924  -48.86988831],[-131.06040955  -48.86935425],[-150.69740295  -48.86994934],8.984629352171113e-06,5.914134807210706e-10,3.056756251235421e-10,4.029235586875821e-08
124,21.119404211857578,20.047630317172093,19.63699341722017,[-89.89339447 -48.84122849],[-111.01277924  -48.86988831],[-131.06040955  -48.86935425],[-150.69740295  -48.86994934],0.02842501623006406,1.0034296755344526e-09,9.184351427803885e-10,6.468209240484153e-08
125,21.123142647983542,20.047630317172093,19.63699341722017,[-89.88965607 -48.84120178],[-111.01277924  -48.86988831],[-131.06040955  -48.86935425],[-150.69740295  -48.86994934],0.10548938359551448,1.7885722346484012e-09,1.5666635588642012e-10,3.328494534748389e-08
126,21.13814218982368,20.047630317172093,19.63699341722017,[-89.87465668 -48.84107971],[-111.01277924  -48.86988831],[-131.06040955  -48.86935425],[-150.69740295  -48.86994934],0.17522327747434557,1.754626151537444e-10,3.8065189579631136e-10,5.481644429040924e-08
127,21.172306753306653,20.047630317172093,19.63699341722017,[-89.84049225 -48.84095764],[-111.01277924  -48.86988831],[-131.06040955  -48.86935425],[-150.69740295  -48.86994934],0.4273758535274616,5.968269639116692e-10,5.927126678229272e-10,9.051567882871923e-08
128,21.177250398813943,20.047630317172093,19.63699341722017,[-89.8355484 -48.8411026],[-111.01277924  -48.86988831],[-131.06040955  -48.86935425],[-150.69740295  -48.86994934],4.004260649201162e-05,8.23839651294557e-10,5.280341170660816e-10,3.2631028486742644e-08
129,21.177250398813943,20.047630317172093,19.63699341722017,[-89.8355484 -48.8411026],[-111.01277924  -48.86988831],[-131.06040955  -48.86935425],[-150.69740295  -48.86994934],2.0668424488243173e-05,1.1146406291428627e-09,1.6853317862088774e-10,6.70680128245279e-08
130,21.17727328697639,20.047630317172093,19.63699341722017,[-89.83552551 -48.8411026 ],[-111.01277924  -48.86988831],[-131.06040955  -48.86935425],[-150.69740295  -48.86994934],1.695671997877401e-05,2.009031697631181e-09,6.729942561764536e-10,6.716535246989879e-08
131,21.177296175138842,20.047630317172093,19.63699341722017,[-89.83550262 -48.8411026 ],[-111.01277924  -48.86988831],[-131.06040955  -48.86935425],[-150.69740295  -48.86994934],9.955162609144872e-06,6.321903396108654e-10,6.81145410496435e-10,4.2922273679979425e-08
132,21.179996999051884,20.047630317172093,19.63699341722017,[-89.83280182 -48.84108734],[-111.01277924  -48.86988831],[-131.06040955  -48.86935425],[-150.69740295  -48.86994934],0.006755520927161163,5.559950101945825e-10,1.1165294638579101e-09,4.3141731524595874e-08
133,21.185917455628754,20.047630317172093,19.63699341722017,[-89.82688141 -48.84104919],[-111.01277924  -48.86988831],[-131.06040955  -48.86935425],[-150.69740295  -48.86994934],0.13620619853762445,2.6000710951348752e-09,5.130083603857704e-10,4.274210972215046e-08
134,21.202839556552274,20.047630317172093,19.63699341722017,[-89.80995941 -48.84096146],[-111.01277924  -48.86988831],[-131.06040955  -48.86935425],[-150.69740295  -48.86994934],0.19904684774145448,8.088763154208723e-10,5.11549302910481e-10,3.7687897107400327e-08
135,21.238545449913197,20.047630317172093,19.63699341722017,[-89.77425385 -48.84069824],[-111.01277924  -48.86988831],[-131.06040955  -48.86935425],[-150.69740295  -48.86994934],0.44773882111845376,1.1699214823957198e-09,4.924898374531155e-10,2.9232280641211577e-08
136,21.242085569592643,20.047630317172093,19.63699341722017,[-89.77071381 -48.84063721],[-111.01277924  -48.86988831],[-131.06040955  -48.86935425],[-150.69740295  -48.86994934],3.4272891051693435e-05,1.6775567927519928e-10,2.9963705944251955e-10,6.374711284283236e-08
137,21.24210082836724,20.047630317172093,19.63699341722017,[-89.77069855 -48.84063721],[-111.01277924  -48.86988831],[-131.06040955  -48.86935425],[-150.69740295  -48.86994934],2.164867357402213e-05,1.0672482901626322e-09,1.042025439811128e-09,2.7169211715420112e-08
138,21.242116087141834,20.047630317172093,19.63699341722017,[-89.77068329 -48.84063721],[-111.01277924  -48.86988831],[-131.06040955  -48.86935425],[-150.69740295  -48.86994934],1.724117543554594e-05,1.8534458352190132e-09,2.795133493376654e-10,1.1451765968644497e-08
139,21.24213134591643,20.047630317172093,19.63699341722017,[-89.77066803 -48.84063721],[-111.01277924  -48.86988831],[-131.06040955  -48.86935425],[-150.69740295  -48.86994934],1.0161668060191923e-05,1.3345782358064832e-09,3.749939404850913e-10,2.050210806312012e-08
140,21.244839794167415,20.047630317172093,19.63699341722017,[-89.76795959 -48.84062576],[-111.01277924  -48.86988831],[-131.06040955  -48.86935425],[-150.69740295  -48.86994934],0.006655049761049509,9.145377271097454e-10,3.1351252499274647e-10,2.2900897689647034e-08
141,21.250767885919483,20.047630317172093,19.63699341722017,[-89.76203156 -48.8405838 ],[-111.01277924  -48.86988831],[-131.06040955  -48.86935425],[-150.69740295  -48.86994934],0.13630819228774355,1.8953636767755398e-09,9.96628004538561e-10,3.8749784210901744e-08
142,21.268140121834833,20.047630317172093,19.63699341722017,[-89.74465942 -48.84049606],[-111.01277924  -48.86988831],[-131.06040955  -48.86935425],[-150.69740295  -48.86994934],0.23717860868044924,1.8865824125665364e-09,9.692186102535181e-10,5.358854038198908e-08
143,21.304547922592583,20.047630317172093,19.63699341722017,[-89.70825195 -48.84023285],[-111.01277924  -48.86988831],[-131.06040955  -48.86935425],[-150.69740295  -48.86994934],0.4480548120262704,3.1749664939248863e-10,4.917050989745137e-10,3.9635999519719155e-08
144,21.30910269858136,20.047630317172093,19.63699341722017,[-89.7036972  -48.84020996],[-111.01277924  -48.86988831],[-131.06040955  -48.86935425],[-150.69740295  -48.86994934],3.819613818635773e-05,5.657555188057878e-10,2.1584171437408697e-10,5.8231998776295705e-08
145,21.30911032796849,20.047630317172093,19.63699341722017,[-89.70368958 -48.84020996],[-111.01277924  -48.86988831],[-131.06040955  -48.86935425],[-150.69740295  -48.86994934],2.235300713645448e-05,1.1142934895722946e-09,1.0808675590526758e-09,9.021063583690153e-09
146,21.309133216129887,20.047630317172093,19.63699341722017,[-89.70366669 -48.84020996],[-111.01277924  -48.86988831],[-131.06040955  -48.86935425],[-150.69740295  -48.86994934],1.7996605962695716e-05,1.2179356934541973e-09,1.5103330531163371e-10,6.907325541740453e-08
147,21.309140845517017,20.047630317172093,19.63699341722017,[-89.70365906 -48.84020996],[-111.01277924  -48.86988831],[-131.06040955  -48.86935425],[-150.69740295  -48.86994934],1.063171771679914e-05,1.8520893145820156e-09,6.159572842050832e-10,2.2999695920500214e-08
148,21.311856928590682,20.047630317172093,19.63699341722017,[-89.70094299 -48.8401947 ],[-111.01277924  -48.86988831],[-131.06040955  -48.86935425],[-150.69740295  -48.86994934],0.006759879584902593,8.171397689303118e-10,2.922727991407488e-10,2.409549827849119e-08
149,21.317785010238307,20.047630317172093,19.63699341722017,[-89.69501495 -48.84016037],[-111.01277924  -48.86988831],[-131.06040955  -48.86935425],[-150.69740295  -48.86994934],0.13626193788158697,1.7144136526879528e-09,1.137037823367899e-09,3.9475398893703234e-08
150,21.334630760831047,20.047630317172093,19.63699341722017,[-89.67816925 -48.84011459],[-111.01277924  -48.86988831],[-131.06040955  -48.86935425],[-150.69740295  -48.86994934],0.19161494262605566,1.1141210048554902e-09,7.968412898858735e-10,6.429120502279235e-08
151,21.3700466477556,20.047630317172093,19.63699341722017,[-89.6427536  -48.83992004],[-111.01277924  -48.86988831],[-131.06040955  -48.86935425],[-150.69740295  -48.86994934],0.45425388849019005,1.1379095273345946e-09,4.626008517484049e-10,2.4107444211675682e-08
152,21.374296371723766,20.047630317172093,19.63699341722017,[-89.63850403 -48.83980942],[-111.01277924  -48.86988831],[-131.06040955  -48.86935425],[-150.69740295  -48.86994934],3.744039666909984e-05,2.2606413913358234e-10,1.0599223593597543e-09,5.177664616691988e-08
153,21.374304001110744,20.047630317172093,19.63699341722017,[-89.6384964  -48.83980942],[-111.01277924  -48.86988831],[-131.06040955  -48.86935425],[-150.69740295  -48.86994934],2.1559039978474556e-05,4.852928168801296e-10,8.205784703705609e-10,1.4976190398872764e-08
154,21.374326889271675,20.047630317172093,19.63699341722017,[-89.63847351 -48.83980942],[-111.01277924  -48.86988831],[-131.06040955  -48.86935425],[-150.69740295  -48.86994934],1.741763665651459e-05,1.1211318390872732e-09,5.959048261216436e-10,6.855917304384574e-08
155,21.37433451865865,20.047630317172093,19.63699341722017,[-89.63846588 -48.83980942],[-111.01277924  -48.86988831],[-131.06040955  -48.86935425],[-150.69740295  -48.86994934],1.0270054365597786e-05,1.931170236866645e-09,9.433471710295455e-10,4.705564433200552e-08
156,21.377050601898304,20.047630317172093,19.63699341722017,[-89.63574982 -48.83979416],[-111.01277924  -48.86988831],[-131.06040955  -48.86935425],[-150.69740295  -48.86994934],0.006707593916493744,5.576350444797195e-10,2.1408437563627973e-10,1.8664373967532788e-08
157,21.382971054535936,20.047630317172093,19.63699341722017,[-89.62982941 -48.83975983],[-111.01277924  -48.86988831],[-131.06040955  -48.86935425],[-150.69740295  -48.86994934],0.13609203783240642,3.6432821943073736e-10,4.714791130599359e-10,2.232403299514363e-08
158,21.400335636046073,20.047630317172093,19.63699341722017,[-89.6124649  -48.83969116],[-111.01277924  -48.86988831],[-131.06040955  -48.86935425],[-150.69740295  -48.86994934],0.2372241212265805,1.1274854745263192e-09,1.1045767961244116e-09,3.866060721594405e-08
159,21.43535495965721,20.047630317172093,19.63699341722017,[-89.57744598 -48.83938217],[-111.01277924  -48.86988831],[-131.06040955  -48.86935425],[-150.69740295  -48.86994934],0.40762666694612265,5.098550642501257e-10,3.4563481829725883e-10,3.634290591917261e-08
160,21.440016493290358,20.047630317172093,19.63699341722017,[-89.57278442 -48.83939743],[-111.01277924  -48.86988831],[-131.06040955  -48.86935425],[-150.69740295  -48.86994934],3.728616316186467e-05,1.1639220565782135e-09,9.03312383546551e-10,5.7620914315191305e-08
161,21.44003175206399,20.047630317172093,19.63699341722017,[-89.57276917 -48.83939743],[-111.01277924  -48.86988831],[-131.06040955  -48.86935425],[-150.69740295  -48.86994934],2.1791266800225235e-05,1.1636720890638092e-09,3.4638818428702285e-10,2.0557205836025254e-08
162,21.44004701083762,20.047630317172093,19.63699341722017,[-89.57275391 -48.83939743],[-111.01277924  -48.86988831],[-131.06040955  -48.86935425],[-150.69740295  -48.86994934],1.760287031051364e-05,2.63176157503938e-10,5.913290452186852e-10,6.064061694630937e-08
163,21.440062269611253,20.047630317172093,19.63699341722017,[-89.57273865 -48.83939743],[-111.01277924  -48.86988831],[-131.06040955  -48.86935425],[-150.69740295  -48.86994934],1.0382419802548333e-05,7.17828465458017e-10,6.763445417865665e-10,1.5070151962178203e-08
164,21.44006989899807,20.047630317172093,19.63699341722017,[-89.57273102 -48.83939743],[-111.01277924  -48.86988831],[-131.06040955  -48.86935425],[-150.69740295  -48.86994934],5.178625025632533e-06,3.729408503593623e-10,9.304425682682144e-10,3.9362527970808765e-08
165,21.44088626509222,20.047630317172093,19.63699341722017,[-89.57191467 -48.83938217],[-111.01277924  -48.86988831],[-131.06040955  -48.86935425],[-150.69740295  -48.86994934],0.03142200640552436,4.879097224320656e-10,1.4892518864041167e-10,2.1837506547833714e-08
166,21.44425855185292,20.047630317172093,19.63699341722017,[-89.56854248 -48.83931351],[-111.01277924  -48.86988831],[-131.06040955  -48.86935425],[-150.69740295  -48.86994934],0.08127830158367849,9.867846161680367e-10,4.5491281085878836e-10,6.924990790306561e-08
167,21.459227593905336,20.047630317172093,19.63699341722017,[-89.55357361 -48.83918381],[-111.01277924  -48.86988831],[-131.06040955  -48.86935425],[-150.69740295  -48.86994934],0.2248781321719846,9.035759658164945e-10,2.4185967017216214e-10,5.328755637729917e-08
168,21.49347617879162,20.047630317172093,19.63699341722017,[-89.51932526 -48.83899689],[-111.01277924  -48.86988831],[-131.06040955  -48.86935425],[-150.69740295  -48.86994934],0.46835672044584503,4.5253384176047586e-10,6.163557242180759e-10,3.886507593924028e-08
169,21.49730623516544,20.047630317172093,19.63699341722017,[-89.5154953  -48.83892441],[-111.01277924  -48.86988831],[-131.06040955  -48.86935425],[-150.69740295  -48.86994934],3.7992040579223987e-05,8.577040998892521e-10,1.0620937016034836e-09,1.1340157332263022e-08
170,21.49730623516544,20.047630317172093,19.63699341722017,[-89.5154953  -48.83892441],[-111.01277924  -48.86988831],[-131.06040955  -48.86935425],[-150.69740295  -48.86994934],1.966654559410574e-05,8.449639259039756e-10,4.684352916661948e-10,3.551351734440247e-08
171,21.49732149393867,20.047630317172093,19.63699341722017,[-89.51548004 -48.83892441],[-111.01277924  -48.86988831],[-131.06040955  -48.86935425],[-150.69740295  -48.86994934],1.6156034292586534e-05,5.791649945316817e-10,7.828388572377869e-10,2.7105793744064596e-09
172,21.497336752711906,20.047630317172093,19.63699341722017,[-89.51546478 -48.83892441],[-111.01277924  -48.86988831],[-131.06040955  -48.86935425],[-150.69740295  -48.86994934],9.55671184613817e-06,4.160884343605953e-10,2.2664042659612382e-10,2.636520532699773e-08
173,21.500052836328745,20.047630317172093,19.63699341722017,[-89.51274872 -48.83890915],[-111.01277924  -48.86988831],[-131.06040955  -48.86935425],[-150.69740295  -48.86994934],0.006752579416101123,3.813704751982376e-10,8.002879007761513e-10,7.645804750420934e-08
174,21.505965660436967,20.047630317172093,19.63699341722017,[-89.50683594 -48.83887482],[-111.01277924  -48.86988831],[-131.06040955  -48.86935425],[-150.69740295  -48.86994934],0.135906302441924,7.855360412563914e-10,5.021377066136688e-10,3.206423521688074e-08
175,21.52331498462569,20.047630317172093,19.63699341722017,[-89.48948669 -48.83880615],[-111.01277924  -48.86988831],[-131.06040955  -48.86935425],[-150.69740295  -48.86994934],0.23709207061960574,4.426342343920707e-10,4.6273039503890025e-10,6.985087676603727e-08
176,21.56013469119034,20.047630317172093,19.63699341722017,[-89.45266724 -48.83860779],[-111.01277924  -48.86988831],[-131.06040955  -48.86935425],[-150.69740295  -48.86994934],0.45250848373539065,7.827685061999001e-10,2.885112270933661e-10,2.950313029580767e-08
177,21.564796290632227,20.047630317172093,19.63699341722017,[-89.44800568 -48.83857727],[-111.01277924  -48.86988831],[-131.06040955  -48.86935425],[-150.69740295  -48.86994934],4.007664242782056e-05,1.9354210713469514e-10,6.505972831046433e-10,6.634159746130581e-08
178,21.564796290632227,20.047630317172093,19.63699341722017,[-89.44800568 -48.83857727],[-111.01277924  -48.86988831],[-131.06040955  -48.86935425],[-150.69740295  -48.86994934],2.2457962826648537e-05,5.264051458288185e-10,3.81277274934216e-10,8.43736338273836e-09
179,21.564826808178182,20.047630317172093,19.63699341722017,[-89.44797516 -48.83857727],[-111.01277924  -48.86988831],[-131.06040955  -48.86935425],[-150.69740295  -48.86994934],1.820681168341451e-05,4.528377576764901e-10,7.511859540050181e-10,6.701902871018652e-08
180,21.564834437564674,20.047630317172093,19.63699341722017,[-89.44796753 -48.83857727],[-111.01277924  -48.86988831],[-131.06040955  -48.86935425],[-150.69740295  -48.86994934],1.0768362565245687e-05,9.593817907618002e-10,5.89866014569064e-10,1.271417984144355e-08
181,21.5675505213128,20.047630317172093,19.63699341722017,[-89.44525146 -48.83856201],[-111.01277924  -48.86988831],[-131.06040955  -48.86935425],[-150.69740295  -48.86994934],0.006878565020094131,3.7421225970817883e-10,1.0655630572576282e-09,1.930514540738585e-08
182,21.57344808694662,20.047630317172093,19.63699341722017,[-89.43935394 -48.83852768],[-111.01277924  -48.86988831],[-131.06040955  -48.86935425],[-150.69740295  -48.86994934],0.13577752418240085,6.349762692589707e-10,2.206849452623612e-10,4.2919106921225995e-08
183,21.59078213621024,20.047630317172093,19.63699341722017,[-89.42201996 -48.83847046],[-111.01277924  -48.86988831],[-131.06040955  -48.86935425],[-150.69740295  -48.86994934],0.2369089084330879,8.498935155874444e-10,6.854523295805983e-10,4.292252171814255e-08
184,21.627090742451262,20.047630317172093,19.63699341722017,[-89.38571167 -48.83822632],[-111.01277924  -48.86988831],[-131.06040955  -48.86935425],[-150.69740295  -48.86994934],0.43578176610640224,9.2988337063546e-10,7.80726018272303e-10,2.3182551048555167e-08
185,21.630615496618212,20.047630317172093,19.63699341722017,[-89.38218689 -48.83824158],[-111.01277924  -48.86988831],[-131.06040955  -48.86935425],[-150.69740295  -48.86994934],3.442164418212293e-05,3.334717690252124e-10,7.999863055902046e-10,4.028957763490186e-08
186,21.63062312600458,20.047630317172093,19.63699341722017,[-89.38217926 -48.83824158],[-111.01277924  -48.86988831],[-131.06040955  -48.86935425],[-150.69740295  -48.86994934],2.2263631663241136e-05,3.080296069700926e-10,3.4495973453391074e-10,4.811837192119901e-08
187,21.630646014163677,20.047630317172093,19.63699341722017,[-89.38215637 -48.83824158],[-111.01277924  -48.86988831],[-131.06040955  -48.86935425],[-150.69740295  -48.86994934],1.76697293385158e-05,8.990383971473784e-10,6.209443858077251e-10,6.505163574148051e-08
188,21.63065364355004,20.047630317172093,19.63699341722017,[-89.38214874 -48.83824158],[-111.01277924  -48.86988831],[-131.06040955  -48.86935425],[-150.69740295  -48.86994934],1.0367502572963071e-05,3.035204948333434e-10,6.78406788015618e-10,6.788636011432513e-08
189,21.63336972742359,20.047630317172093,19.63699341722017,[-89.37943268 -48.83822632],[-111.01277924  -48.86988831],[-131.06040955  -48.86935425],[-150.69740295  -48.86994934],0.006767403150810624,1.0113199526167784e-09,4.2749253071652927e-10,1.8597331693526692e-08
190,21.63929781088827,20.047630317172093,19.63699341722017,[-89.37350464 -48.83819199],[-111.01277924  -48.86988831],[-131.06040955  -48.86935425],[-150.69740295  -48.86994934],0.1362680783618549,6.340291961046879e-10,1.6191314936769064e-10,4.372168979667106e-08
191,21.656654743071705,20.047630317172093,19.63699341722017,[-89.35614777 -48.83813858],[-111.01277924  -48.86988831],[-131.06040955  -48.86935425],[-150.69740295  -48.86994934],0.23672198467258335,2.44876691914148e-10,1.0894571346552986e-09,3.850975654235816e-08
192,21.692635164167555,20.047630317172093,19.63699341722017,[-89.32016754 -48.83797836],[-111.01277924  -48.86988831],[-131.06040955  -48.86935425],[-150.69740295  -48.86994934],0.4673609549474319,9.390053653151517e-10,4.479375201977908e-10,5.842295950077587e-08
193,21.69677031959064,20.047630317172093,19.63699341722017,[-89.31603241 -48.83795929],[-111.01277924  -48.86988831],[-131.06040955  -48.86935425],[-150.69740295  -48.86994934],3.7015191983839075e-05,1.5287015733942464e-10,1.0899994972575162e-09,2.7866537494359267e-08
194,21.69677031959064,20.047630317172093,19.63699341722017,[-89.31603241 -48.83795929],[-111.01277924  -48.86988831],[-131.06040955  -48.86935425],[-150.69740295  -48.86994934],2.2126680218445177e-05,1.022166384839342e-09,1.0928250037818934e-09,5.591070734765413e-08
195,21.69680083713572,20.047630317172093,19.63699341722017,[-89.31600189 -48.83795929],[-111.01277924  -48.86988831],[-131.06040955  -48.86935425],[-150.69740295  -48.86994934],1.7728641754895594e-05,4.852928684494279e-10,4.5872956150210435e-10,1.1861328327928764e-08
196,21.69680846652199,20.047630317172093,19.63699341722017,[-89.31599426 -48.83795929],[-111.01277924  -48.86988831],[-131.06040955  -48.86935425],[-150.69740295  -48.86994934],1.0460477144089921e-05,9.031763046871372e-10,1.2204652672359039e-09,6.771194712837754e-08
197,21.6995245504919,20.047630317172093,19.63699341722017,[-89.3132782  -48.83794403],[-111.01277924  -48.86988831],[-131.06040955  -48.86935425],[-150.69740295  -48.86994934],0.006738846759337983,1.24214087784208e-10,5.11549302910481e-10,4.731360679901339e-08
198,21.70545263417554,20.047630317172093,19.63699341722017,[-89.30735016 -48.8379097 ],[-111.01277924  -48.86988831],[-131.06040955  -48.86935425],[-150.69740295  -48.86994934],0.13643020403119674,3.148402532865324e-10,1.020539306544785e-09,9.081272336556385e-09
199,21.72277899845353,20.047630317172093,19.63699341722017,[-89.2900238  -48.83789062],[-111.01277924  -48.86988831],[-131.06040955  -48.86935425],[-150.69740295  -48.86994934],0.2341868148160856,8.286504282693731e-10,6.178821413298336e-10,2.1313734165806964e-08
200,21.758011813797207,20.047630317172093,19.63699341722017,[-89.25479126 -48.83768082],[-111.01277924  -48.86988831],[-131.06040955  -48.86935425],[-150.69740295  -48.86994934],0.428931679503117,1.9441008110930746e-10,4.1897317047470743e-10,3.831016926918662e-08
201,21.76195607114463,20.047630317172093,19.63699341722017,[-89.25084686 -48.83777237],[-111.01277924  -48.86988831],[-131.06040955  -48.86935425],[-150.69740295  -48.86994934],3.49305406763778e-05,1.8967051385569361e-10,9.606273451646072e-10,8.018356254378345e-10
202,21.761963700530856,20.047630317172093,19.63699341722017,[-89.25083923 -48.83777237],[-111.01277924  -48.86988831],[-131.06040955  -48.86935425],[-150.69740295  -48.86994934],2.1846685339714203e-05,4.704891318553477e-10,2.6988910730502313e-10,8.969333629937807e-08
203,21.761986588689524,20.047630317172093,19.63699341722017,[-89.25081635 -48.83777237],[-111.01277924  -48.86988831],[-131.06040955  -48.86935425],[-150.69740295  -48.86994934],1.7388519341124684e-05,1.866629590889911e-10,4.111087839873009e-10,9.491808963450192e-08
204,21.761994218075746,20.047630317172093,19.63699341722017,[-89.25080872 -48.83777237],[-111.01277924  -48.86988831],[-131.06040955  -48.86935425],[-150.69740295  -48.86994934],1.0211178625024297e-05,5.406548872892561e-10,1.0020432370792994e-09,2.1871955645832772e-09
205,21.764710307724673,20.047630317172093,19.63699341722017,[-89.24809265 -48.8377533 ],[-111.01277924  -48.86988831],[-131.06040955  -48.86935425],[-150.69740295  -48.86994934],0.006762409560352971,8.090699126030387e-10,5.253462866683852e-10,6.351270359551079e-08
206,21.77063839151968,20.047630317172093,19.63699341722017,[-89.24216461 -48.83771896],[-111.01277924  -48.86988831],[-131.06040955  -48.86935425],[-150.69740295  -48.86994934],0.1363070263691063,7.91551039147239e-10,7.800120240804878e-10,4.728195932814995e-08
207,21.788033459711002,20.047630317172093,19.63699341722017,[-89.22476959 -48.83767319],[-111.01277924  -48.86988831],[-131.06040955  -48.86935425],[-150.69740295  -48.86994934],0.2370083939860914,1.373168902625715e-09,3.83910302433714e-10,1.1340849295809604e-08
208,21.823609507706188,20.047630317172093,19.63699341722017,[-89.18919373 -48.83752441],[-111.01277924  -48.86988831],[-131.06040955  -48.86935425],[-150.69740295  -48.86994934],0.43164121616318446,1.033781123209231e-09,3.5371412399339573e-10,2.432877571898864e-08
209,21.82700465812717,20.047630317172093,19.63699341722017,[-89.18579865 -48.83747482],[-111.01277924  -48.86988831],[-131.06040955  -48.86935425],[-150.69740295  -48.86994934],3.344244343335958e-05,3.9732335836208856e-10,1.0818439205151008e-09,4.442638904319833e-08
210,21.827012287513288,20.047630317172093,19.63699341722017,[-89.18579102 -48.83747482],[-111.01277924  -48.86988831],[-131.06040955  -48.86935425],[-150.69740295  -48.86994934],2.181180835277831e-05,1.0113257399631221e-09,9.087726431650827e-10,5.513466192643506e-08
211,21.827035175671647,20.047630317172093,19.63699341722017,[-89.18576813 -48.83747482],[-111.01277924  -48.86988831],[-131.06040955  -48.86935425],[-150.69740295  -48.86994934],1.7310756061475923e-05,5.062094813705726e-10,4.689721527138743e-10,1.190562808742766e-08
212,21.827042805057765,20.047630317172093,19.63699341722017,[-89.1857605  -48.83747482],[-111.01277924  -48.86988831],[-131.06040955  -48.86935425],[-150.69740295  -48.86994934],1.0181627073364352e-05,9.329347334116963e-10,4.2486574888097703e-10,8.507121380301827e-09
213,21.829758894845654,20.047630317172093,19.63699341722017,[-89.18304443 -48.83745575],[-111.01277924  -48.86988831],[-131.06040955  -48.86935425],[-150.69740295  -48.86994934],0.006751122185191437,9.75404136837684e-10,5.097147932349158e-10,6.777460384233395e-08
214,21.835686978876414,20.047630317172093,19.63699341722017,[-89.17711639 -48.83742142],[-111.01277924  -48.86988831],[-131.06040955  -48.86935425],[-150.69740295  -48.86994934],0.13638681692311677,5.982763195797635e-10,6.630580294898589e-10,2.6529985842770487e-08
215,21.853082047251984,20.047630317172093,19.63699341722017,[-89.15972137 -48.83737564],[-111.01277924  -48.86988831],[-131.06040955  -48.86935425],[-150.69740295  -48.86994934],0.23711144435745693,9.79024066626006e-10,6.141433114337296e-10,4.089132825051674e-08
216,21.88922252860428,20.047630317172093,19.63699341722017,[-89.12358093 -48.83732224],[-111.01277924  -48.86988831],[-131.06040955  -48.86935425],[-150.69740295  -48.86994934],0.40457173445435296,4.852928684494279e-10,4.182782678867079e-10,3.224864098387852e-08
217,21.89368574216875,20.047630317172093,19.63699341722017,[-89.11911774 -48.83730698],[-111.01277924  -48.86988831],[-131.06040955  -48.86935425],[-150.69740295  -48.86994934],3.635361332630185e-05,7.831333457579422e-10,3.760904991401559e-10,4.46049331265519e-08
218,21.89368574216875,20.047630317172093,19.63699341722017,[-89.11911774 -48.83730698],[-111.01277924  -48.86988831],[-131.06040955  -48.86935425],[-150.69740295  -48.86994934],2.2501412317747985e-05,1.4773217168357643e-10,9.433472821397108e-10,6.75801128262026e-08
219,21.89371625971308,20.047630317172093,19.63699341722017,[-89.11908722 -48.83730698],[-111.01277924  -48.86988831],[-131.06040955  -48.86935425],[-150.69740295  -48.86994934],1.785662492169572e-05,4.920557681563853e-10,9.635198467707236e-10,8.050377137522594e-09
220,21.893723889099164,20.047630317172093,19.63699341722017,[-89.11907959 -48.83730698],[-111.01277924  -48.86988831],[-131.06040955  -48.86935425],[-150.69740295  -48.86994934],1.0500755462784385e-05,3.643282467991323e-10,1.0509174801353982e-09,1.0186018961209405e-08
221,21.893731518485247,20.047630317172093,19.63699341722017,[-89.11907196 -48.83730698],[-111.01277924  -48.86988831],[-131.06040955  -48.86935425],[-150.69740295  -48.86994934],5.248934735453735e-06,7.401767086339538e-10,9.357248428770037e-10,6.888042638087582e-08
222,21.894540233410094,20.047630317172093,19.63699341722017,[-89.11826324 -48.83730698],[-111.01277924  -48.86988831],[-131.06040955  -48.86935425],[-150.69740295  -48.86994934],0.03147121092698255,4.711929146682213e-10,7.445914080918279e-10,1.1451765080741795e-08
223,21.89811081448494,20.047630317172093,19.63699341722017,[-89.11469269 -48.8372879 ],[-111.01277924  -48.86988831],[-131.06040955  -48.86935425],[-150.69740295  -48.86994934],0.09120052370055454,1.0681729951328436e-09,9.129146992286338e-10,2.1056533659837115e-08
224,21.914223981514894,20.047630317172093,19.63699341722017,[-89.09857941 -48.83735275],[-111.01277924  -48.86988831],[-131.06040955  -48.86935425],[-150.69740295  -48.86994934],0.2378113341992753,8.788185247496511e-10,7.145524607730001e-10,4.485152716536382e-08
225,21.947335823681605,20.047630317172093,19.63699341722017,[-89.06546783 -48.83714676],[-111.01277924  -48.86988831],[-131.06040955  -48.86935425],[-150.69740295  -48.86994934],0.43375302366759655,1.0304491126592821e-09,2.7711094988123344e-10,2.377042128405249e-08
226,21.951234474100573,20.047630317172093,19.63699341722017,[-89.06156921 -48.83712387],[-111.01277924  -48.86988831],[-131.06040955  -48.86935425],[-150.69740295  -48.86994934],3.592347801744062e-05,1.128383187586721e-09,5.565232431342891e-10,8.060003213899677e-09
227,21.951242103486607,20.047630317172093,19.63699341722017,[-89.06156158 -48.83712387],[-111.01277924  -48.86988831],[-131.06040955  -48.86935425],[-150.69740295  -48.86994934],1.9632246115353603e-05,8.419705743611618e-10,5.452295571507233e-10,7.489643071503244e-09
228,21.951264991644706,20.047630317172093,19.63699341722017,[-89.0615387  -48.83712387],[-111.01277924  -48.86988831],[-131.06040955  -48.86935425],[-150.69740295  -48.86994934],1.5975189057650244e-05,6.579367129415915e-10,2.463914741903679e-10,9.303040433037958e-08
229,21.951272621030736,20.047630317172093,19.63699341722017,[-89.06153107 -48.83712387],[-111.01277924  -48.86988831],[-131.06040955  -48.86935425],[-150.69740295  -48.86994934],9.430868708924002e-06,5.401106618145495e-10,9.014199449288042e-10,1.2379819643282495e-08
230,21.95398871093256,20.047630317172093,19.63699341722017,[-89.058815  -48.8371048],[-111.01277924  -48.86988831],[-131.06040955  -48.86935425],[-150.69740295  -48.86994934],0.006819977317074901,3.389682496833036e-10,3.6159776352974596e-10,6.820259972233753e-08
231,21.959916795156463,20.047630317172093,19.63699341722017,[-89.05288696 -48.83707047],[-111.01277924  -48.86988831],[-131.06040955  -48.86935425],[-150.69740295  -48.86994934],0.13632003212024843,7.100335038681343e-10,4.3054145237439237e-10,3.649183718740936e-08
232,21.977159230348704,20.047630317172093,19.63699341722017,[-89.03564453 -48.83705521],[-111.01277924  -48.86988831],[-131.06040955  -48.86935425],[-150.69740295  -48.86994934],0.22967105211282832,2.369868763903876e-10,4.538867601691092e-10,1.2683302281042473e-08
233,22.01231557792668,20.047630317172093,19.63699341722017,[-89.00048828 -48.83696365],[-111.01277924  -48.86988831],[-131.06040955  -48.86935425],[-150.69740295  -48.86994934],0.45909345448744276,3.166576024802023e-10,1.0405803746202778e-09,6.426538461672444e-08
234,22.01600815513238,20.047630317172093,19.63699341722017,[-88.99679565 -48.83699417],[-111.01277924  -48.86988831],[-131.06040955  -48.86935425],[-150.69740295  -48.86994934],3.505962199505144e-05,7.73433757504151e-10,1.277232710609532e-10,2.559366999142202e-08
235,22.016015784518395,20.047630317172093,19.63699341722017,[-88.99678802 -48.83699417],[-111.01277924  -48.86988831],[-131.06040955  -48.86935425],[-150.69740295  -48.86994934],2.1877122084393167e-05,8.722867137101808e-10,1.0031956516173195e-09,2.990748971454359e-08
236,22.016038672676444,20.047630317172093,19.63699341722017,[-88.99676514 -48.83699417],[-111.01277924  -48.86988831],[-131.06040955  -48.86935425],[-150.69740295  -48.86994934],1.737283355358577e-05,6.133969159915275e-10,1.5861776884208832e-10,2.9554913270769918e-08
237,22.01604630206246,20.047630317172093,19.63699341722017,[-88.99675751 -48.83699417],[-111.01277924  -48.86988831],[-131.06040955  -48.86935425],[-150.69740295  -48.86994934],1.0205709348286816e-05,1.021116616738438e-09,5.738702032893985e-10,1.4252661579713968e-08
238,22.01876238058384,20.047630317172093,19.63699341722017,[-88.99404144 -48.83698273],[-111.01277924  -48.86988831],[-131.06040955  -48.86935425],[-150.69740295  -48.86994934],0.006753699426785086,1.449740888527952e-10,1.1145869034844198e-09,6.730159579309766e-08
239,22.024682835451017,20.047630317172093,19.63699341722017,[-88.98812103 -48.83694839],[-111.01277924  -48.86988831],[-131.06040955  -48.86935425],[-150.69740295  -48.86994934],0.13609969705156713,3.479930305742331e-10,9.433471711828098e-10,5.551209178396148e-08
240,22.042016880330046,20.047630317172093,19.63699341722017,[-88.97078705 -48.83689499],[-111.01277924  -48.86988831],[-131.06040955  -48.86935425],[-150.69740295  -48.86994934],0.23679537913135132,6.241870217941875e-10,5.842398220752238e-10,2.8548183623101223e-08
241,22.077699689962564,20.047630317172093,19.63699341722017,[-88.93510437 -48.83678055],[-111.01277924  -48.86988831],[-131.06040955  -48.86935425],[-150.69740295  -48.86994934],0.4262945615751976,1.67755706433183e-10,9.250370103887324e-10,3.875242216314902e-08
242,22.081888251456956,20.047630317172093,19.63699341722017,[-88.93091583 -48.83676147],[-111.01277924  -48.86988831],[-131.06040955  -48.86935425],[-150.69740295  -48.86994934],3.685120974584438e-05,3.8973392902924186e-10,7.094444161010834e-10,3.2484348156630474e-08
243,22.081888251456956,20.047630317172093,19.63699341722017,[-88.93091583 -48.83676147],[-111.01277924  -48.86988831],[-131.06040955  -48.86935425],[-150.69740295  -48.86994934],2.2052319929574737e-05,8.110767881279278e-11,7.018408338703992e-10,4.223698393694611e-10
244,22.08191876900074,20.047630317172093,19.63699341722017,[-88.93088531 -48.83676147],[-111.01277924  -48.86988831],[-131.06040955  -48.86935425],[-150.69740295  -48.86994934],1.7645052701308474e-05,8.228093645096194e-10,9.9755816104018e-10,3.3355561756444626e-08
245,22.081926398386685,20.047630317172093,19.63699341722017,[-88.93087769 -48.83676147],[-111.01277924  -48.86988831],[-131.06040955  -48.86935425],[-150.69740295  -48.86994934],1.0410784209417495e-05,2.1862655934864384e-10,6.767587157600454e-10,9.824845903530556e-08
246,22.084642482677246,20.047630317172093,19.63699341722017,[-88.92816162 -48.83674622],[-111.01277924  -48.86988831],[-131.06040955  -48.86935425],[-150.69740295  -48.86994934],0.006762745597026067,8.578677996628826e-10,1.1444453270905551e-09,6.366937284277316e-08
247,22.09056292051934,20.047630317172093,19.63699341722017,[-88.92224121 -48.83672333],[-111.01277924  -48.86988831],[-131.06040955  -48.86935425],[-150.69740295  -48.86994934],0.13609681257945855,1.5852307380676628e-10,1.8485079669230174e-10,6.407172200354767e-08
248,22.10791221859569,20.047630317172093,19.63699341722017,[-88.90489197 -48.83667374],[-111.01277924  -48.86988831],[-131.06040955  -48.86935425],[-150.69740295  -48.86994934],0.23681555968745924,8.412594977314892e-10,6.829696262433075e-10,6.72315987694296e-08
249,22.144030001261623,20.047630317172093,19.63699341722017,[-88.86877441 -48.83649445],[-111.01277924  -48.86988831],[-131.06040955  -48.86935425],[-150.69740295  -48.86994934],0.45249650045559187,5.204871685628948e-10,8.814481568376592e-11,1.2345951795692438e-08
250,22.14882130161288,20.047630317172093,19.63699341722017,[-88.86398315 -48.83646393],[-111.01277924  -48.86988831],[-131.06040955  -48.86935425],[-150.69740295  -48.86994934],3.920418445448148e-05,3.133467803638211e-10,4.69828985053933e-10,7.007387098314034e-08
251,22.14882130161288,20.047630317172093,19.63699341722017,[-88.86398315 -48.83646393],[-111.01277924  -48.86988831],[-131.06040955  -48.86935425],[-150.69740295  -48.86994934],2.241390007209166e-05,4.709818836101223e-10,1.020487641916227e-09,2.4640965346420998e-08
