,c0_c1,c1_c2,c2_c3,p1,p2,p3,p4
0,10.890556335449219,10.890541076660156,10.89056396484375,[-100.          -48.86999893],[-110.89055634  -48.86999893],[-121.78109741  -48.86999893],[-132.67166138  -48.86999893]
1,10.890556335449219,10.890541076660156,10.89056396484375,[-100.          -48.86999893],[-110.89055634  -48.86999893],[-121.78109741  -48.86999893],[-132.67166138  -48.86999893]
2,10.890556335449219,10.890541076660156,10.89056396484375,[-100.          -48.86999893],[-110.89055634  -48.86999893],[-121.78109741  -48.86999893],[-132.67166138  -48.86999893]
3,10.892501831054688,10.890548706054688,10.890548706054688,[-99.99635315 -48.86999893],[-110.88885498  -48.86999893],[-121.77940369  -48.86999893],[-132.66995239  -48.86999893]
4,10.912483215482052,10.889335633800213,10.890037536752047,[-99.95761871 -48.86987686],[-110.87010193  -48.86981964],[-121.75943756  -48.86999893],[-132.6494751   -48.87005234]
5,10.991607669259208,10.891456605479613,10.888572693358226,[-99.87469482 -48.87005615],[-110.86630249  -48.86978912],[-121.75775909  -48.86996841],[-132.64633179  -48.87007141]
6,11.08508300866316,10.89734649890623,10.888298035085617,[-99.76821899 -48.86988831],[-110.853302    -48.86975098],[-121.7506485   -48.86997604],[-132.63894653  -48.87007141]
7,11.185485841811458,10.905593875155338,10.886344910085691,[-99.63518524 -48.86982346],[-110.82067108  -48.86961365],[-121.72626495  -48.86987305],[-132.61260986  -48.86996841]
8,11.30546570167182,10.922157295658252,10.885147094743273,[-99.46208954 -48.86988068],[-110.76755524  -48.8696022 ],[-121.68971252  -48.87002182],[-132.57485962  -48.87000275]
9,11.425300601089226,10.950111398101187,10.890861511273226,[-99.25876617 -48.86988068],[-110.68406677  -48.86962128],[-121.63417816  -48.87006378],[-132.52503967  -48.87003326]
10,11.543807984618681,10.98584748003513,10.89620971904319,[-99.02732086 -48.86972046],[-110.57112885  -48.86988831],[-121.55697632  -48.8702774 ],[-132.45318604  -48.87005615]
11,11.660964975414297,11.034187330378629,10.899360664381154,[-98.76364136 -48.86936951],[-110.42460632  -48.86984253],[-121.45879364  -48.87038803],[-132.3581543   -48.86997986]
12,11.774627719093962,11.091217049842905,10.918533329460184,[-98.46864319 -48.8689003 ],[-110.24327087  -48.86978912],[-121.33448792  -48.87023163],[-132.25302124  -48.86992645]
13,11.88680275713686,11.157867434745235,10.953933717225828,[-98.14409637 -48.86832809],[-110.03089905  -48.86973953],[-121.18876648  -48.87000275],[-132.1427002   -48.86982727]
14,11.996719516866245,11.2355499272299,10.99485778813954,[-97.78945923 -48.86771393],[-109.78617859  -48.86965179],[-121.02172852  -48.86975479],[-132.0165863   -48.86972046]
15,12.106361631499524,11.319183349754004,11.042495727918592,[-97.4056015  -48.86712646],[-109.51196289  -48.8695488 ],[-120.83114624  -48.86949158],[-131.87364197  -48.86958313]
16,12.211189617810987,11.4129028351551,11.101623538098321,[-96.99347687 -48.86654282],[-109.20466614  -48.86945724],[-120.61756897  -48.86919022],[-131.7191925  -48.8694458]
17,12.311035612889347,11.516250619910052,11.168151862380425,[-96.55281067 -48.86600113],[-108.86384583  -48.86935425],[-120.38009644  -48.86888504],[-131.54824829  -48.86927795]
18,12.406708343109065,11.626632713499212,11.239593520231205,[-96.08447266 -48.86549759],[-108.49118042  -48.8692894 ],[-120.11781311  -48.86855698],[-131.35740662  -48.86912537]
19,12.497833952550778,11.746940658618044,11.314491298472737,[-95.58874512 -48.86505127],[-108.08657837  -48.86923599],[-119.83351898  -48.86819839],[-131.14801025  -48.86897278]
20,12.578560682275521,11.87151344263901,11.397911112638056,[-95.07236481 -48.86467361],[-107.65092468  -48.86917877],[-119.52243805  -48.867836  ],[-130.92034912  -48.86880112]
21,12.629357281578232,11.99568187694228,11.489929254701277,[-94.55651093 -48.86436462],[-107.18586731  -48.86912537],[-119.18154907  -48.86746979],[-130.67147827  -48.86859894]
22,12.672883039946758,12.11758438103857,11.588020391846271,[-94.02152252 -48.86413574],[-106.6944046   -48.86906815],[-118.81198883  -48.86714554],[-130.40000916  -48.86839294]
23,12.729905166176483,12.2315141723584,11.692176898158253,[-93.45198059 -48.86398315],[-106.18188477  -48.86900711],[-118.41339874  -48.86682129],[-130.10557556  -48.86818314]
24,12.814873738498239,12.31741357506475,11.800415135752877,[-92.85422516 -48.86391449],[-105.6690979   -48.86896896],[-117.98651123  -48.8665123 ],[-129.78692627  -48.86802292]
25,12.903641726579922,12.398544610691948,11.908538928718828,[-92.23236084 -48.86392975],[-105.13600159  -48.86895752],[-117.5345459   -48.86623383],[-129.44308472  -48.86785507]
26,12.976998307071728,12.498878826842764,12.015373349356967,[-91.58245087 -48.86403275],[-104.55944824  -48.86894989],[-117.05832672  -48.86600113],[-129.07369995  -48.86769485]
27,13.04496850621426,12.60546150777326,12.12461102185931,[-90.90353394 -48.86421585],[-103.94850159  -48.86893845],[-116.55396271  -48.86581421],[-128.67857361  -48.86752701]
28,13.116455841380066,12.721352046548239,12.221840023204674,[-90.19754028 -48.86448288],[-103.31399536  -48.86895752],[-116.03534698  -48.86567688],[-128.25718689  -48.86737823]
29,13.185257624502874,12.865387419964799,12.294052239645216,[-89.4642334  -48.86480713],[-102.64949036  -48.86899948],[-115.51487732  -48.86557007],[-127.80892944  -48.86725616]
30,13.245987493278479,13.018188956847547,12.368507495547087,[-88.70302582 -48.86520386],[-101.94901276  -48.86903763],[-114.96720123  -48.8655014 ],[-127.33570862  -48.86715317]
31,13.302917922509838,13.156281013549927,12.46884928653949,[-87.91442108 -48.86565018],[-101.21733856  -48.86907959],[-114.37361908  -48.86546707],[-126.84246826  -48.86708069]
32,13.356674537761664,13.283684254676627,12.592125021963213,[-87.09934998 -48.86612701],[-100.45602417  -48.86915588],[-113.73970795  -48.86559296],[-126.33183289  -48.86703873]
33,13.404190322659062,13.406029251922586,12.74985512390863,[-86.25850677 -48.86661148],[-99.66269684 -48.86924744],[-113.06872559  -48.86557007],[-125.81858063  -48.86701965]
34,13.445434757410853,13.523109890441738,12.922348079041498,[-85.39253998 -48.86709976],[-98.83797455 -48.8693428 ],[-112.36108398  -48.8658371 ],[-125.28343201  -48.86704636]
35,13.481468327634687,13.626755185584166,13.093185468061375,[-84.50218201 -48.86759186],[-97.98365021 -48.86944199],[-111.61040497  -48.86603928],[-124.70359039  -48.86710358]
36,13.511566241101177,13.722313282902503,13.244545007833846,[-83.58824921 -48.86804581],[-97.09981537 -48.86950684],[-110.8221283  -48.8663826],[-124.06667328  -48.86719513]
37,13.53530888467125,13.8111270005974,13.39060212453599,[-82.65136719 -48.86846161],[-96.18667603 -48.86958694],[-109.99780273  -48.86674881],[-123.38840485  -48.86733246]
38,13.553154016284623,13.888557664364075,13.543830876328869,[-81.69223785 -48.86884689],[-95.24539185 -48.86966324],[-109.13394928  -48.86713409],[-122.67778015  -48.86749268]
39,13.565193186190223,13.954765491013617,13.693717957571634,[-80.71157837 -48.86919022],[-94.27677155 -48.86970901],[-108.23153687  -48.86752319],[-121.92525482  -48.86769104]
40,13.571372988696856,14.011863829135262,13.831558227539062,[-79.71005249 -48.86948013],[-93.28142548 -48.86975861],[-107.29328918  -48.86791992],[-121.12484741  -48.86791992]
41,13.571899414236198,14.058761679900478,13.963874817428092,[-78.6883316  -48.86973953],[-92.26023102 -48.8698082 ],[-106.31899261  -48.8682785 ],[-120.28286743  -48.86815643]
42,13.56707763737571,14.09485631573013,14.090026857453756,[-77.64707947 -48.86999512],[-91.2141571 -48.8698616],[-105.30901337  -48.86863327],[-119.39904022  -48.86839676]
43,13.55705261565418,14.121330293433338,14.203826907825789,[-76.58690643 -48.87021255],[-90.14395905 -48.86991119],[-104.26528931  -48.86895752],[-118.46911621  -48.8686409 ]
44,13.541931159952327,14.138572710105121,14.306068425294677,[-75.508461   -48.87041473],[-89.05039215 -48.86996078],[-103.18896484  -48.8692627 ],[-117.49503326  -48.86888885]
45,13.522293103088876,14.145935065634683,14.399307257090681,[-74.41231537 -48.8705864 ],[-87.93460846 -48.87001038],[-102.08054352  -48.86956406],[-116.47985077  -48.86914444]
46,13.498573320300864,14.143951418122697,14.482543951727582,[-73.2990036 -48.8707428],[-86.7975769  -48.87006378],[-100.94152832  -48.86981964],[-115.42407227  -48.86938858]
47,13.470809957698604,14.133827209588484,14.549766547970442,[-72.16919708 -48.87086487],[-85.64000702 -48.87010956],[-99.77383423 -48.87005234],[-114.32360077  -48.86958694]
48,13.43933107879085,14.116073608695329,14.602287299896798,[-71.02350616 -48.87097168],[-84.46283722 -48.87016678],[-98.57891083 -48.87025833],[-113.18119812  -48.86979294]
49,13.404655482814166,14.090446473673719,14.64463806809407,[-69.86241913 -48.87105179],[-83.26707458 -48.87021255],[-97.35752106 -48.87041855],[-112.00215912  -48.86997986]
50,13.367172271015471,14.057060245707525,14.674339300542698,[-68.68648529 -48.87111282],[-82.05365753 -48.87022018],[-96.11071777 -48.87055588],[-110.78505707  -48.87013245]
51,13.327041659554945,14.01747132046108,14.689559941676693,[-67.49624634 -48.87116623],[-80.82328796 -48.87022018],[-94.84075928 -48.87066269],[-109.53031921  -48.87027359]
52,13.284614598045886,13.97211457233884,14.692680363169787,[-66.29219818 -48.87118912],[-79.57681274 -48.870224  ],[-93.54892731 -48.87073517],[-108.24160767  -48.8703804 ]
53,13.240158116230006,13.920974743205196,14.684234622891022,[-65.07491302 -48.87118912],[-78.31507111 -48.870224  ],[-92.23604584 -48.8707962 ],[-106.92028046  -48.87046432]
54,13.193862950898094,13.864898695243328,14.6634521518558,[-63.84488678 -48.87119675],[-77.03874969 -48.870224  ],[-90.90364838 -48.87083817],[-105.56710052  -48.87052155]
55,13.146041906106662,13.804519667152755,14.63113403563986,[-62.60253906 -48.87119675],[-75.74858093 -48.870224  ],[-89.55310059 -48.87084198],[-104.18423462  -48.87057495]
56,13.096969640900392,13.7401504655574,14.58827972649566,[-61.34833527 -48.87120056],[-74.44530487 -48.870224  ],[-88.18545532 -48.87084198],[-102.77373505  -48.87057877]
57,13.046863592456234,13.672309889454482,14.535140993594185,[-60.08269882 -48.87120056],[-73.12956238 -48.870224  ],[-86.80187225 -48.87084198],[-101.33701324  -48.87057877]
58,12.995948826775868,13.601547255249798,14.472358706006867,[-58.80605316 -48.87118149],[-71.80200195 -48.870224  ],[-85.40354919 -48.87084198],[-99.8759079  -48.87057877]
59,12.944446595827905,13.528259291458665,14.400939943811707,[-57.51880264 -48.87113571],[-70.46324921 -48.870224  ],[-83.99150848 -48.87084198],[-98.39244843 -48.87057877]
60,12.892555267982823,13.452873244527112,14.321571352658696,[-56.22133636 -48.87112045],[-69.1138916 -48.870224 ],[-82.56676483 -48.87084961],[-96.88833618 -48.87057877]
61,12.840484650167673,13.375846877423381,14.23495483641788,[-54.91401672 -48.87111664],[-67.75450134 -48.870224  ],[-81.13034821 -48.87084961],[-95.36530304 -48.8705864 ]
62,12.788391141069347,13.29756928961888,14.141860964363588,[-53.597229   -48.87106705],[-66.38562012 -48.870224  ],[-79.68318939 -48.87084961],[-93.82505035 -48.8705864 ]
63,12.736427334527658,13.218444839023379,14.042770388208996,[-52.2713089  -48.87105942],[-65.00773621 -48.870224  ],[-78.22618103 -48.87084961],[-92.26895142 -48.8705864 ]
64,12.684764889570888,13.138824475517257,13.939064027515846,[-50.93659592 -48.87105942],[-63.62136078 -48.870224  ],[-76.76018524 -48.87080002],[-90.69924927 -48.8705864 ]
65,12.63349917139222,13.05907441405944,13.831596375989362,[-49.59343719 -48.87103271],[-62.22693634 -48.870224  ],[-75.28601074 -48.87078857],[-89.11760712 -48.8705864 ]
66,12.582778955681352,12.979518902494265,13.720672608911464,[-48.24213791 -48.87102127],[-60.82491684 -48.87022781],[-73.80443573 -48.87078857],[-87.52510834 -48.8705864 ]
67,12.532699610078193,12.900447857646636,13.606712342810658,[-46.88300705 -48.87102127],[-59.41570663 -48.87022781],[-72.31615448 -48.87078857],[-85.92286682 -48.8705864 ]
68,12.483345053901274,12.822147381646843,13.49132537993288,[-45.51634598 -48.87097168],[-57.99969101 -48.87022781],[-70.82183838 -48.87078857],[-84.31316376 -48.8705864 ]
69,12.43480303060338,12.744865429816901,13.375190736887465,[-44.14243698 -48.87096024],[-56.57723999 -48.87022781],[-69.32210541 -48.87078857],[-82.69729614 -48.87055588]
70,12.387134573655137,12.668830883000078,13.25861358814673,[-42.76156235 -48.87096024],[-55.1486969  -48.87022781],[-67.81752777 -48.87076569],[-81.07614136 -48.87055206]
71,12.340412161627743,12.594257365738432,13.14233398593014,[-41.37397003 -48.87096024],[-53.71438217 -48.87022781],[-66.30863953 -48.87075424],[-79.45097351 -48.87055206]
72,12.294670125675044,12.521316539386508,13.027000428815002,[-39.97994232 -48.87094116],[-52.27461243 -48.87022781],[-64.79592896 -48.87075424],[-77.82292938 -48.87055206]
73,12.249965687615648,12.450168620587863,12.912963868711099,[-38.57971191 -48.8709259 ],[-50.82967758 -48.87022781],[-63.27984619 -48.87075043],[-76.19281006 -48.87055206]
74,12.206321739207645,12.380954753461683,12.800682068735636,[-37.17351913 -48.8709259 ],[-49.37984085 -48.87017822],[-61.76079559 -48.87070084],[-74.56147766 -48.87055206]
75,12.163768789227827,12.313777934836692,12.690650941001497,[-35.76159668 -48.87088776],[-47.92536545 -48.87017441],[-60.23914337 -48.87070084],[-72.92979431 -48.8705368 ]
76,12.122318288143035,12.248729717123013,12.583194733785465,[-34.3441658  -48.87087631],[-46.46648407 -48.87017441],[-58.71521378 -48.87070084],[-71.29840851 -48.87053299]
77,12.081966420535121,12.185905467913756,12.478614808257738,[-32.92144394 -48.87087631],[-45.00341034 -48.87017441],[-57.1893158  -48.87070084],[-69.6679306  -48.87053299]
78,12.04274179596774,12.125320445997914,12.377243043346594,[-31.49363518 -48.87087631],[-43.53637695 -48.87017441],[-55.66169739 -48.87070084],[-68.03894043 -48.87051773]
79,12.004621525813642,12.067047130623413,12.279262544929452,[-30.06093407 -48.87086868],[-42.06555557 -48.87017441],[-54.13260269 -48.87070084],[-66.41186523 -48.87046814]
80,11.967603700835943,12.011100780579241,12.184783937768813,[-28.62353706 -48.87081909],[-40.59114075 -48.87017441],[-52.60224152 -48.87070084],[-64.78702545 -48.87046814]
81,11.931680696737832,11.957489025259871,12.09413528666242,[-27.18162346 -48.87081909],[-39.11330414 -48.87017441],[-51.07079315 -48.87070084],[-63.16492844 -48.87046814]
82,11.896837251964623,11.90619278939756,12.007511140492094,[-25.73538017 -48.87081909],[-37.63221741 -48.87017441],[-49.53841019 -48.87065887],[-61.54592133 -48.87046432]
83,11.8630676444704,11.857200632300616,11.924907685851542,[-24.28496933 -48.87081909],[-36.14803696 -48.87017441],[-48.00523758 -48.87065506],[-59.93014526 -48.87046432]
84,11.830345171374322,11.810470590835255,11.846427919015944,[-22.83055878 -48.87081909],[-34.66090393 -48.87017441],[-46.47137451 -48.87065506],[-58.31780243 -48.87046432]
85,11.798656481235954,11.765972147268728,11.772117616291261,[-21.37231064 -48.87081909],[-33.1709671  -48.87017441],[-44.93693924 -48.87065506],[-56.70905685 -48.87046432]
86,11.76797296121357,11.723655710536587,11.701969148282945,[-19.91037178 -48.8707695 ],[-31.67834473 -48.87017441],[-43.40200043 -48.87065506],[-55.10396957 -48.87046432]
87,11.7382793573517,11.683458338133963,11.635955812110124,[-18.44488907 -48.87076187],[-30.18316841 -48.87017441],[-41.86662674 -48.87065506],[-53.50258255 -48.87046432]
88,11.709550872280344,11.645326622642814,11.574050904228075,[-16.97599792 -48.87076187],[-28.68554878 -48.87017441],[-40.3308754 -48.8706131],[-51.9049263  -48.87046814]
89,11.681760802735322,11.609186180630482,11.516185761362985,[-15.5038414  -48.87076187],[-27.18560219 -48.87017441],[-38.79478836 -48.87060928],[-50.31097412 -48.87046814]
90,11.654875771092593,11.57497216161148,11.462272644911975,[-14.02854824 -48.87076187],[-25.683424   -48.87015533],[-37.25839615 -48.87060928],[-48.72066879 -48.87046814]
91,11.628884331308532,11.542608270034876,11.412204743304459,[-12.5502367  -48.87076187],[-24.17912102 -48.87015533],[-35.72172928 -48.87060928],[-47.13393402 -48.87046814]
92,11.603756918899068,11.512014397988287,11.36585998622794,[-11.0690279  -48.87073135],[-22.67278481 -48.87015533],[-34.18479919 -48.87060928],[-45.55065918 -48.87046814]
93,11.579462065529482,11.48310280743465,11.323146820948043,[ -9.58504105 -48.87072754],[-21.1645031  -48.87015533],[-32.6476059  -48.87060928],[-43.97075272 -48.87046814]
94,11.5559835575626,11.455797204428691,11.283897400785087,[ -8.0983839  -48.87072754],[-19.65436745 -48.87015533],[-31.11016464 -48.87060928],[-42.39406204 -48.87046814]
95,11.533288016208642,11.430032738668157,11.24797821133478,[ -6.60916233 -48.87072754],[-18.14245033 -48.87015533],[-29.57248306 -48.87059784],[-40.82046127 -48.8704567 ]
96,11.511352550925784,11.405723579922965,11.215257645448046,[ -5.11747932 -48.87067795],[-16.62883186 -48.87015533],[-28.03455544 -48.8705864 ],[-39.24981308 -48.87045288]
97,11.490149511299592,11.382799158073517,11.185525895258495,[ -3.62343311 -48.87067413],[-15.11358261 -48.870121  ],[-26.49638176 -48.8705864 ],[-37.68190765 -48.87042999]
98,11.469658388123916,11.361165054582553,11.158620834937429,[ -2.12711763 -48.87067413],[-13.59677601 -48.870121  ],[-24.95794106 -48.87054443],[-36.11656189 -48.87042999]
99,11.449855162152874,11.340748794689345,11.134387970520269,[ -0.62862366 -48.87067413],[-12.07847881 -48.870121  ],[-23.4192276  -48.87054062],[-34.55361557 -48.87042999]
100,11.430712176831316,11.321488388208412,11.11265754754771,[  0.87196106 -48.87067413],[-10.55875111 -48.870121  ],[-21.88023949 -48.87054062],[-32.99289703 -48.87042999]
101,11.412209047370744,11.303298004309793,11.09325218255844,[  2.3745532  -48.87067413],[ -9.03765583 -48.870121  ],[-20.34095383 -48.87054062],[-31.43420601 -48.87042999]
102,11.394322885587586,11.286121853046012,11.076013565914833,[  3.87907219 -48.87067413],[ -7.51525068 -48.870121  ],[-18.80137253 -48.87054062],[-29.87738609 -48.87040329]
103,11.377032769700909,11.269887455169064,11.06078529443163,[  5.38543987 -48.87066269],[ -5.99159288 -48.870121  ],[-17.26148033 -48.87054062],[-28.32226562 -48.87040329]
104,11.360316288571301,11.254531868174109,11.047400475401902,[  6.89358139 -48.87064362],[ -4.46673489 -48.870121  ],[-15.72126675 -48.87054062],[-26.76866722 -48.87040329]
105,11.344152939436817,11.239997394765034,11.035696984191869,[  8.40342426 -48.87064362],[ -2.94072866 -48.870121  ],[-14.18072605 -48.87054062],[-25.21642303 -48.87040329]
106,11.328525674301583,11.226225740902558,11.025546074547755,[  9.91490173 -48.8706398 ],[ -1.41362393 -48.870121  ],[-12.63984966 -48.87052155],[-23.66539574 -48.87040329]
107,11.313417258157727,11.213161661788623,11.016833305953282,[ 11.42794895 -48.87059021],[  0.1145317 -48.870121 ],[-11.09862995 -48.87051773],[-22.11546326 -48.87040329]
108,11.298802623954481,11.200757748954121,11.009366990357725,[ 12.9424963  -48.87059021],[  1.64369369 -48.870121  ],[ -9.55706406 -48.87051773],[-20.56643105 -48.8703537 ]
109,11.284668455341805,11.188964372781617,11.002999307124346,[ 14.4584856  -48.87059021],[  3.17381716 -48.870121  ],[ -8.01514721 -48.8704834 ],[-19.01814651 -48.87030792]
110,11.270998010865112,11.17773676506046,10.997660161653178,[ 15.97585773 -48.87059021],[  4.70485973 -48.870121  ],[ -6.47287703 -48.8704834 ],[-17.47053719 -48.87029648]
111,11.257774362805295,11.167035108724539,10.993248941103278,[ 17.49455452 -48.87059021],[  6.23678017 -48.870121  ],[ -4.93025494 -48.8704834 ],[-15.92350388 -48.87029648]
112,11.244979868187514,11.156820303126894,10.989575387702558,[ 19.01452065 -48.87059021],[  7.76954079 -48.870121  ],[ -3.38727951 -48.8704834 ],[-14.3768549  -48.87029266]
113,11.23260308291998,11.147055274178499,10.98653352426155,[ 20.53570557 -48.87059021],[  9.30310249 -48.870121  ],[ -1.84395278 -48.8704834 ],[-12.8304863  -48.87029266]
114,11.220629701887956,11.137707477743318,10.984062434898824,[ 22.05805779 -48.87059021],[ 10.83742809 -48.870121  ],[ -0.30027938 -48.8704834 ],[-11.28434181 -48.87029266]
115,11.209051142022602,11.12874746912685,10.98205518888167,[ 23.58153534 -48.87059021],[ 12.37248421 -48.870121  ],[  1.24373674 -48.8704834 ],[ -9.73831844 -48.87029266]
116,11.197839745681707,11.12014914042883,10.980424405258168,[ 25.1060791  -48.87056351],[ 13.90823936 -48.870121  ],[  2.78809023 -48.87044907],[ -8.19233418 -48.87029266]
117,11.18699456121377,11.111885075420984,10.979109765107102,[ 26.63165283 -48.87055969],[ 15.44465828 -48.870121  ],[  4.33277321 -48.87044144],[ -6.64633656 -48.87029266]
118,11.176502236392743,11.103930477951149,10.978044987732932,[ 28.15821075 -48.87055969],[ 16.98170853 -48.870121  ],[  5.87777805 -48.87044144],[ -5.10026693 -48.87029266]
119,11.166343697582215,11.096267227984859,10.977162838990337,[ 29.68570518 -48.87055969],[ 18.5193615 -48.870121 ],[  7.42309427 -48.87044144],[ -3.55406857 -48.87029266]
120,11.15650749981388,11.088876728872952,10.976415635163502,[ 31.21409798 -48.8705368 ],[ 20.05759048 -48.870121  ],[  8.96871376 -48.87044144],[ -2.00770187 -48.87029266]
121,11.146993644698384,11.08173466192037,10.975759298617618,[ 32.7433548  -48.87053299],[ 21.59636116 -48.870121  ],[ 10.5146265  -48.87044144],[ -0.46113279 -48.87029266]
122,11.134120948784334,11.074832920895425,10.97514677148564,[ 34.26977158 -48.87053299],[ 23.13565063 -48.870121  ],[ 12.06081772 -48.87044144],[  1.08567095 -48.87029266]
123,11.101324089065642,11.06763840185547,10.974546433503518,[ 35.7762413  -48.87053299],[ 24.67491722 -48.870121  ],[ 13.60727882 -48.87044144],[  2.63273239 -48.87029266]
124,11.04043580050563,11.057456022231689,10.973859311009429,[ 37.25181961 -48.87053299],[ 26.21138382 -48.87007523],[ 15.1539278  -48.87042999],[  4.18006849 -48.87029266]
125,10.9520073032678,11.040115361783595,10.97262620998115,[ 38.6924324  -48.87053299],[ 27.74042511 -48.87007523],[ 16.70030975 -48.87041855],[  5.72768354 -48.87029266]
126,10.83893776906584,11.012729650126948,10.969785214192763,[ 40.0969696  -48.87053299],[ 29.25803185 -48.87007523],[ 18.2453022  -48.87041855],[  7.27551699 -48.87029266]
127,10.704900751528413,10.97337151122807,10.963984490163604,[ 41.46560287 -48.87053299],[ 30.76070213 -48.87007141],[ 19.78733063 -48.87041855],[  8.82334614 -48.87029266]
128,10.554286965128657,10.920198445365662,10.953871727473974,[ 42.79909515 -48.87049103],[ 32.2448082  -48.87007141],[ 21.32460976 -48.87039566],[ 10.37073803 -48.87029266]
129,10.391231545337675,10.852165227012053,10.937950134762277,[ 44.09840393 -48.87049103],[ 33.70717239 -48.87007141],[ 22.85500717 -48.87039566],[ 11.91705704 -48.87029266]
130,10.219371804269219,10.769094472044536,10.91466426897962,[ 45.36457443 -48.87049103],[ 35.14520264 -48.87007141],[ 24.37610817 -48.87039566],[ 13.4614439  -48.87029266]
131,10.042102822487701,10.671175007978,10.882431030760845,[ 46.5986824  -48.87049103],[ 36.55657959 -48.87007141],[ 25.88540459 -48.87039566],[ 15.00297356 -48.87029266]
132,9.862457284317314,10.55896378061336,10.839344025147547,[ 47.80176163 -48.87049103],[ 37.93930435 -48.87007141],[ 27.38034058 -48.87039566],[ 16.54099655 -48.87029266]
133,9.683090218888424,10.433486943515032,10.784429550662734,[ 48.97487259 -48.87048721],[ 39.29178238 -48.87007141],[ 28.85829544 -48.87039566],[ 18.07386589 -48.87029266]
134,9.506328590571318,10.295690541604927,10.718688965338602,[ 50.11907578 -48.8704567 ],[ 40.61274719 -48.87007141],[ 30.31705666 -48.87039566],[ 19.59836769 -48.87029266]
135,9.334465034039086,10.146398549492554,10.642133713266967,[ 51.23566437 -48.87043762],[ 41.90119934 -48.87007141],[ 31.7548008  -48.87039566],[ 21.11266708 -48.87029266]
136,9.16901779890972,9.98857880164961,10.552616119887405,[ 52.32548523 -48.87043381],[ 43.15646744 -48.87007141],[ 33.16788864 -48.87039566],[ 22.61527252 -48.87029266]
137,9.010910041467023,9.824302678198974,10.450231552461007,[ 53.38906479 -48.87042999],[ 44.37815475 -48.8700676 ],[ 34.55385208 -48.87037659],[ 24.10362053 -48.87029266]
138,8.861053473898712,9.654796605286236,10.336032867772348,[ 54.42704391 -48.87042236],[ 45.56599045 -48.8700676 ],[ 35.91119385 -48.87037659],[ 25.57516098 -48.87029266]
139,8.719875342755811,9.48227310684104,10.21015930210272,[ 55.44008255 -48.87041855],[ 46.72020721 -48.8700676 ],[ 37.23793411 -48.87037659],[ 27.02777481 -48.87029266]
140,8.587173469085654,9.309368138672827,10.073156357161123,[ 56.42881775 -48.87041855],[ 47.84164429 -48.8700676 ],[ 38.53227615 -48.87037659],[ 28.4591198  -48.87029266]
141,8.464195258583324,9.136665349463115,9.926319122669224,[ 57.39390564 -48.87041473],[ 48.92971039 -48.8700676 ],[ 39.79304504 -48.87037659],[ 29.86672592 -48.87029266]
142,8.351772315563911,8.965087895949829,9.77076721227448,[ 58.33597565 -48.87041473],[ 49.98420334 -48.8700676 ],[ 41.01911545 -48.87037659],[ 31.24834824 -48.87029266]
143,8.249835975161387,8.79642105645232,9.607482910522794,[ 59.2556076  -48.87041092],[ 51.00577164 -48.8700676 ],[ 42.20935059 -48.87037659],[ 32.60186768 -48.87029266]
144,8.15844345815157,8.631763463782406,9.438014984503985,[ 60.15338898 -48.87041092],[ 51.99494553 -48.8700676 ],[ 43.36318207 -48.87037659],[ 33.92516708 -48.87029266]
145,8.077682502092582,8.471019750508443,9.264877319716035,[ 61.02985382 -48.87040329],[ 52.95217133 -48.8700676 ],[ 44.48115158 -48.87037659],[ 35.21627426 -48.87029266]
146,8.007431037310027,8.315998083133026,9.088596344381612,[ 61.88553619 -48.87040329],[ 53.87810516 -48.8700676 ],[ 45.56210709 -48.87037659],[ 36.47351074 -48.87029266]
147,7.947471625581809,8.168510442855814,8.909606933953889,[ 62.72093582 -48.87039948],[ 54.7734642 -48.8700676],[ 46.60495377 -48.87037659],[ 37.69534683 -48.87029648]
148,7.897590644180262,8.029121404871333,8.729633331666392,[ 63.53656769 -48.87039948],[ 55.63897705 -48.8700676 ],[ 47.60985565 -48.87037659],[ 38.88022232 -48.87029648]
149,7.857463843678764,7.8984413207411865,8.549770355599906,[ 64.33287811 -48.87039948],[ 56.47541428 -48.8700676 ],[ 48.57697296 -48.87037659],[ 40.02720261 -48.87029648]
150,7.826747901162632,7.77732849750147,8.369956970635583,[ 65.1103363  -48.87039566],[ 57.28358841 -48.8700676 ],[ 49.50625992 -48.8703804 ],[ 41.13630295 -48.87029648]
151,7.805053717993406,7.6661720323723,8.192512512295844,[ 65.86937714 -48.87039566],[ 58.06432343 -48.87006378],[ 50.3981514  -48.87033463],[ 42.20563889 -48.87029648]
152,7.791919715319752,7.565204625073982,8.019184112622321,[ 66.61040497 -48.87039566],[ 58.81848526 -48.87006378],[ 51.25328064 -48.87033081],[ 43.23409653 -48.87029648]
153,7.786918647209057,7.474540715219036,7.850463867262572,[ 67.33384705 -48.87039566],[ 59.54692841 -48.87006378],[ 52.0723877  -48.87033081],[ 44.22192383 -48.87029648]
154,7.789558417714473,7.394271855407534,7.686542511063001,[ 68.04006958 -48.87039566],[ 60.25051117 -48.87006378],[ 52.85623932 -48.87033081],[ 45.16969681 -48.87029648]
155,7.799339301173753,7.324462895492551,7.528312683183754,[ 68.72946167 -48.87038803],[ 60.93012238 -48.87006378],[ 53.60565948 -48.87033081],[ 46.0773468  -48.87029648]
156,7.815795905163468,7.265121464868246,7.376468658527162,[ 69.40238953 -48.87038803],[ 61.58659363 -48.87006378],[ 54.32147217 -48.87033081],[ 46.94500351 -48.87029648]
157,7.838394171745639,7.216274266415136,7.231388092122515,[ 70.0592041  -48.87038803],[ 62.22080994 -48.87006378],[ 55.00453568 -48.87033081],[ 47.77314758 -48.87029648]
158,7.866630560881723,7.1779022266466255,7.093730926596753,[ 70.70024872 -48.87038803],[ 62.83361816 -48.87006378],[ 55.65571594 -48.87033081],[ 48.56198502 -48.87029648]
159,7.8999939031386575,7.149959569338818,6.963836670026357,[ 71.32585144 -48.87038803],[ 63.42585754 -48.87006378],[ 56.27589798 -48.87033463],[ 49.31206131 -48.87029648]
160,7.937992101813501,7.1323280385897805,6.842132568465716,[ 71.93632507 -48.87036896],[ 63.99833298 -48.87006378],[ 56.86600494 -48.87033463],[ 50.02387238 -48.87029648]
161,7.980140690893915,7.124855046651815,6.729019165126647,[ 72.53199768 -48.87034225],[ 64.55185699 -48.87006378],[ 57.42700195 -48.87033463],[ 50.69798279 -48.87030029]
162,8.025955205710783,7.1273651174507835,6.624618530362402,[ 73.11315918 -48.87036133],[ 65.08720398 -48.87006378],[ 57.95983887 -48.87033463],[ 51.33522034 -48.87030029]
163,8.07497406486029,7.139060979258758,6.529727935881272,[ 73.68009949 -48.87034225],[ 65.60512543 -48.87006378],[ 58.46606445 -48.87033463],[ 51.93633652 -48.87030029]
164,8.123733525022745,7.15623093163901,6.451114654632373,[ 74.23310852 -48.87033463],[ 66.109375   -48.87006378],[ 58.95314407 -48.87033463],[ 52.50202942 -48.87030029]
165,8.221916203191485,7.131370549576799,6.410064697357567,[ 74.77246094 -48.87033463],[ 66.55054474 -48.87006378],[ 59.41917419 -48.87033463],[ 53.0091095  -48.87030029]
166,8.373138431992299,7.0657959036284375,6.502498626799619,[ 75.29842377 -48.87033081],[ 66.92528534 -48.87006378],[ 59.85948944 -48.87033463],[ 53.35699081 -48.87030029]
167,8.503242496868557,7.0357017569221245,6.558174133390646,[ 75.81127167 -48.87033081],[ 67.30802917 -48.87006378],[ 60.27232742 -48.87033463],[ 53.71415329 -48.87030029]
168,8.629745487183227,7.023082738376805,6.583915710538733,[ 76.31481934 -48.87031937],[ 67.68507385 -48.87006378],[ 60.66199112 -48.87033463],[ 54.07807541 -48.87030029]
169,8.750808725880992,7.037418370988147,6.6112785340687115,[ 76.81679535 -48.8704834 ],[ 68.06598663 -48.87006378],[ 61.02856827 -48.87034225],[ 54.41728973 -48.87030029]
170,8.862655671833672,7.081230169049761,6.653026580899131,[ 77.31790161 -48.87081909],[ 68.45524597 -48.87006378],[ 61.37401581 -48.87034225],[ 54.72098923 -48.87030792]
171,8.968345665261188,7.147724157035933,6.695384979336071,[ 77.81622314 -48.87070847],[ 68.8478775  -48.87006378],[ 61.70015335 -48.87034225],[ 55.00476837 -48.87030792]
172,9.069244408224721,7.23551941453847,6.738361358730041,[ 78.31348419 -48.87071609],[ 69.24423981 -48.87006378],[ 62.0087204  -48.87034225],[ 55.27035904 -48.87030792]
173,9.160942101133422,7.344360356841867,6.7840805054579665,[ 78.80664062 -48.87071991],[ 69.64569855 -48.87006378],[ 62.3013382  -48.87034225],[ 55.51725769 -48.87030792]
174,9.243965172756127,7.470870976869655,6.833133697596015,[ 79.29463959 -48.87072754],[ 70.05067444 -48.87006378],[ 62.57980347 -48.87034225],[ 55.74666977 -48.87030792]
175,9.318855309283368,7.612922673550158,6.886821746911749,[ 79.77727509 -48.87072754],[ 70.4584198  -48.87006378],[ 62.84549713 -48.87034225],[ 55.95867538 -48.87030792]
176,9.385803246397021,7.7682304432237235,6.946514129723513,[ 80.25460052 -48.87073135],[ 70.8687973  -48.87006378],[ 63.10056686 -48.87034225],[ 56.15405273 -48.87030792]
177,9.445732140289365,7.933631901859898,7.017555236900389,[ 80.72677612 -48.87073135],[ 71.28104401 -48.87006378],[ 63.34741211 -48.87034225],[ 56.32985687 -48.87030792]
178,9.49942018974129,8.10625839711715,7.140258789127716,[ 81.1939621  -48.87073517],[ 71.69454193 -48.87006378],[ 63.58828354 -48.87034225],[ 56.44802475 -48.87031174]
179,9.547439599341205,8.283718113940674,7.250991821353283,[ 81.65634155 -48.8707428 ],[ 72.10890198 -48.87006378],[ 63.82518387 -48.87034607],[ 56.57419205 -48.87031555]
180,9.590454124531892,8.463623051582575,7.44916152963869,[ 82.11408234 -48.87072754],[ 72.52362823 -48.87006378],[ 64.06000519 -48.87034607],[ 56.61084366 -48.87030792]
181,9.629097007740492,8.643806462128975,7.678279876803745,[ 82.56735229 -48.87072754],[ 72.93825531 -48.87006378],[ 64.29444885 -48.87034607],[ 56.61616898 -48.87030792]
182,9.663848896712357,8.822380070434113,7.9125289917222075,[ 83.01625824 -48.87068176],[ 73.35240936 -48.87006378],[ 64.5300293  -48.87034607],[ 56.61750031 -48.870327  ]
183,9.69519807829407,8.997711186068766,8.150436401389506,[ 83.4609375  -48.87067413],[ 73.76573944 -48.87006378],[ 64.76802826 -48.87034607],[ 56.61759186 -48.870327  ]
184,9.723579424026537,9.168495182568314,8.390071868918165,[ 83.90151978 -48.87064362],[ 74.17794037 -48.87006378],[ 65.00944519 -48.87034607],[ 56.61937332 -48.870327  ]
185,9.74932862770058,9.333824161983527,8.631080627462481,[ 84.3381424  -48.87059402],[ 74.58881378 -48.87006378],[ 65.25498962 -48.87034607],[ 56.623909 -48.870327]
186,9.773025527079678,9.49206543388502,8.865379333614277,[ 84.77096558 -48.87059402],[ 74.99794006 -48.87006378],[ 65.50587463 -48.87034607],[ 56.6404953  -48.87030029]
187,9.79501343990478,9.642318729830484,9.084373474141117,[ 85.20009613 -48.87055206],[ 75.4050827  -48.87006378],[ 65.76276398 -48.87034988],[ 56.6783905  -48.87033081]
188,9.815559397881287,9.784103397737724,9.29376220710954,[ 85.62566376 -48.87052155],[ 75.81010437 -48.87006378],[ 66.02600098 -48.87034988],[ 56.73223877 -48.87031174]
189,9.834960947114512,9.916870121314535,9.490108490591318,[ 86.04774475 -48.87049866],[ 76.21278381 -48.87006378],[ 66.2959137  -48.87034988],[ 56.80580521 -48.8704567 ]
190,9.853477485709815,10.040283207201306,9.677425384582383,[ 86.46648407 -48.87045288],[ 76.61300659 -48.87006378],[ 66.57272339 -48.87034988],[ 56.895298   -48.87031555]
191,9.871299751171318,10.154220584666792,9.859546661466247,[ 86.8819809  -48.87044907],[ 77.01068115 -48.87006378],[ 66.85646057 -48.87033463],[ 56.99691391 -48.87037659]
192,9.88864899264459,10.2586059606066,10.02960968026356,[ 87.29434204 -48.87040329],[ 77.40569305 -48.87006378],[ 67.1470871  -48.87033463],[ 57.11747742 -48.87029266]
193,9.905662542180714,10.353507998220412,10.190326691019408,[ 87.70366669 -48.87039566],[ 77.79800415 -48.87006378],[ 67.44449615 -48.87029648],[ 57.25416946 -48.8703804 ]
194,9.922515873376035,10.43908691657167,10.338535308872375,[ 88.11006927 -48.8703537 ],[ 78.18755341 -48.87006378],[ 67.74846649 -48.87029266],[ 57.40993118 -48.87026596]
195,9.939277652934438,10.515571596181891,10.474491124642464,[ 88.51359558 -48.87034607],[ 78.57431793 -48.87006378],[ 68.05874634 -48.87026596],[ 57.58425522 -48.86993408]
196,9.956077578866983,10.583282472562113,10.600109121846149,[ 88.91437531 -48.87031555],[ 78.95829773 -48.87006378],[ 68.37501526 -48.87026215],[ 57.77490616 -48.86958694]
197,9.972976687652734,10.642616273236749,10.714450882087375,[ 89.31248474 -48.87031174],[ 79.33950806 -48.87006378],[ 68.69689178 -48.87022781],[ 57.98244095 -48.86923599]
198,9.99005127173442,10.69396972776269,10.817497336757047,[ 89.70801544 -48.87027359],[ 79.71796417 -48.87006378],[ 69.02399445 -48.870224  ],[ 58.20649719 -48.86888123]
199,10.00731659139779,10.737815857716901,10.910022863537582,[ 90.10103607 -48.87026596],[ 80.09371948 -48.87006378],[ 69.35590363 -48.87019348],[ 58.44588089 -48.86852264]
200,10.024818422224643,10.774612427538445,10.99202366032234,[ 90.4916153  -48.87025452],[ 80.46679688 -48.87006378],[ 69.69218445 -48.87019348],[ 58.70016098 -48.86813736]
201,10.042594911007587,10.804878235354186,11.06364085055394,[ 90.87985229 -48.87022781],[ 80.83725739 -48.87006378],[ 70.03237915 -48.87016678],[ 58.96873856 -48.86778641]
202,10.060623170221058,10.829139709892585,11.127308246051511,[ 91.26580811 -48.870224  ],[ 81.20518494 -48.87006378],[ 70.37604523 -48.87015915],[ 59.24873734 -48.86735153]
203,10.078910828679142,10.847923279227796,11.182125538725007,[ 91.64955902 -48.87020874],[ 81.57064819 -48.87006378],[ 70.72272491 -48.87015915],[ 59.54059982 -48.86699677]
204,10.097434998599104,10.861717224271814,11.226345568728854,[ 92.03115082 -48.87020874],[ 81.93371582 -48.87006378],[ 71.0719986 -48.870121 ],[ 59.84565353 -48.86674881]
205,10.116195679447438,10.871055603177936,11.26185663428902,[ 92.41067505 -48.87018585],[ 82.29447937 -48.87006378],[ 71.42342377 -48.870121  ],[ 60.16156769 -48.86658478]
206,10.13518524243434,10.87641906753333,11.289124116826878,[ 92.78820801 -48.87018585],[ 82.65302277 -48.87006378],[ 71.7766037 -48.870121 ],[ 60.48748016 -48.86649704]
207,10.154335022534422,10.878311157377054,11.308037391025668,[ 93.16379547 -48.87017059],[ 83.00946045 -48.87006378],[ 72.13114929 -48.870121  ],[ 60.82311249 -48.86647797]
208,10.173606873119295,10.877174377591913,11.319370840162483,[ 93.53746033 -48.87017059],[ 83.36385345 -48.87006378],[ 72.48667908 -48.870121  ],[ 61.16730881 -48.86652756]
209,10.192977905684598,10.873451233060715,11.323788231871038,[ 93.9092865  -48.87015533],[ 83.71630859 -48.87006378],[ 72.84285736 -48.870121  ],[ 61.51906967 -48.8666153 ]
210,10.21240234416038,10.867584228666265,11.321671036710196,[ 94.27933502 -48.87015533],[ 84.06693268 -48.87006378],[ 73.19934845 -48.870121  ],[ 61.87767792 -48.86674118]
211,10.23188781769641,10.859909057767934,11.313637235729784,[ 94.64767456 -48.87014389],[ 84.41578674 -48.87006378],[ 73.55587769 -48.870121  ],[ 62.24224091 -48.86690903]
212,10.251342773750503,10.850852966459465,11.300262860167125,[ 95.01433563 -48.87014389],[ 84.76299286 -48.87006378],[ 73.91213989 -48.870121  ],[ 62.61187744 -48.86708069]
213,10.270721435802614,10.840728759782404,11.282097205525545,[ 95.37937164 -48.87013626],[ 85.10865021 -48.87006378],[ 74.26792145 -48.87008286],[ 62.98582458 -48.86730194]
214,10.290039062755259,10.829818725591984,11.259712505861469,[ 95.74285126 -48.87013626],[ 85.45281219 -48.87006378],[ 74.62299347 -48.87007523],[ 63.36328125 -48.86753464]
215,10.309196472326768,10.818428039556835,11.233665703380133,[ 96.10478973 -48.870121  ],[ 85.79559326 -48.87006378],[ 74.97716522 -48.87007523],[ 63.74349976 -48.86776733]
216,10.328163147131164,10.806808471685747,11.204406930457223,[ 96.46524048 -48.870121  ],[ 86.13707733 -48.87006378],[ 75.33026886 -48.87007523],[ 64.12586212 -48.86800003]
217,10.34693908705189,10.795166015627697,11.17231765555637,[ 96.82427216 -48.870121  ],[ 86.47733307 -48.8700676 ],[ 75.68216705 -48.87007523],[ 64.50984955 -48.86824036]
218,10.365455627578987,10.783729553225355,11.13821422546531,[ 97.18191528 -48.870121  ],[ 86.81645966 -48.8700676 ],[ 76.0327301  -48.87007523],[ 64.89451599 -48.86848068]
219,10.38369750985041,10.772621154787858,11.102615439034192,[ 97.53820038 -48.87010956],[ 87.15450287 -48.8700676 ],[ 76.38188171 -48.87007523],[ 65.27926636 -48.86872101]
220,10.401618957604171,10.762046813967547,11.065872248829667,[ 97.89318085 -48.87010956],[ 87.49156189 -48.8700676 ],[ 76.72951508 -48.87007523],[ 65.66364288 -48.86895752]
221,10.41920471199856,10.752098083498801,11.028472934988207,[ 98.24687958 -48.87010956],[ 87.82767487 -48.8700676 ],[ 77.07557678 -48.87007523],[ 66.04710388 -48.86920166]
222,10.436424255455451,10.74286651611599,10.990867632769051,[ 98.59934998 -48.87010956],[ 88.16292572 -48.8700676 ],[ 77.4200592  -48.87007523],[ 66.42919159 -48.8694458 ]
223,10.453262329185785,10.734443664553492,10.95339203571961,[ 98.95063019 -48.87010956],[ 88.49736786 -48.8700676 ],[ 77.76292419 -48.87007523],[ 66.80953217 -48.86968613]
224,10.46968078615783,10.726890563967556,10.916412354478073,[ 99.3007431  -48.87009048],[ 88.83106232 -48.8700676 ],[ 78.10417175 -48.87007523],[ 67.1877594  -48.86993027]
225,10.485694885278887,10.72024536133084,10.880233765066395,[ 99.6497345  -48.87009048],[ 89.16403961 -48.8700676 ],[ 78.44379425 -48.87007523],[ 67.56356049 -48.87017059]
226,10.501251220728069,10.714546203615997,10.845108037540744,[ 99.99762726 -48.87009048],[ 89.49637604 -48.8700676 ],[ 78.78182983 -48.87007523],[ 67.9367218  -48.87041473]
227,10.516349792505377,10.709800720217562,10.811210645704156,[100.3444519  -48.87009048],[ 89.82810211 -48.8700676 ],[ 79.11830139 -48.87007523],[ 68.30709076 -48.8706131 ]
228,10.53099060061081,10.706016540530062,10.778930691063167,[100.69025421 -48.87009048],[ 90.15926361 -48.8700676 ],[ 79.45324707 -48.87007523],[ 68.67431641 -48.87083817]
229,10.545120239282651,10.70318603515897,10.748466534346475,[101.03502655 -48.87009048],[ 90.48990631 -48.8700676 ],[ 79.78672028 -48.87007523],[ 69.03825378 -48.87103271]
230,10.558784484888088,10.701248168948032,10.71997076919522,[101.37882233 -48.87009048],[ 90.82003784 -48.8700676 ],[ 80.11878967 -48.87007523],[ 69.39881897 -48.87126541]
231,10.572006225610714,10.700218200686313,10.69356546331644,[101.72173309 -48.87009048],[ 91.14972687 -48.8700676 ],[ 80.44950867 -48.87007523],[ 69.7559433  -48.87149811]
232,10.584754943872403,10.699996948244907,10.669387945240384,[102.06370544 -48.87009048],[ 91.4789505 -48.8700676],[ 80.77895355 -48.87007523],[ 70.10956573 -48.87172699]
233,10.597030639673156,10.700592041018345,10.647483991771116,[102.40480042 -48.87009048],[ 91.80776978 -48.8700676 ],[ 81.10717773 -48.87007523],[ 70.45969391 -48.87195587]
234,10.608818054216364,10.701950073244907,10.62792226670818,[102.74502563 -48.87008667],[ 92.13620758 -48.8700676 ],[ 81.43425751 -48.87007523],[ 70.80633545 -48.87218094]
235,10.620140075700721,10.70398712158475,10.610748547007725,[103.08441162 -48.87008667],[ 92.46427155 -48.8700676 ],[ 81.76028442 -48.87007523],[ 71.14953613 -48.87240601]
236,10.631011962907735,10.706649780276155,10.595955204187927,[103.42298889 -48.87008667],[ 92.79197693 -48.8700676 ],[ 82.08532715 -48.87007523],[ 71.48937225 -48.87263489]
237,10.641418457031934,10.709922790530062,10.583519358397634,[103.76078033 -48.87006378],[ 93.11936188 -48.8700676 ],[ 82.40943909 -48.87007523],[ 71.8259201 -48.8728981]
238,10.651397705078809,10.713699340823029,10.573418116176223,[104.09780884 -48.87006378],[ 93.44641113 -48.8700676 ],[ 82.73271179 -48.87007523],[ 72.15929413 -48.87316895]
239,10.660926818848338,10.717941284182404,10.565598067467219,[104.43408966 -48.87006378],[ 93.77316284 -48.8700676 ],[ 83.05522156 -48.87007523],[ 72.48962402 -48.87343216]
240,10.67003631591865,10.722557067873808,10.560005820337569,[104.76964569 -48.87006378],[ 94.09960938 -48.8700676 ],[ 83.37705231 -48.87007523],[ 72.81704712 -48.87372971]
241,10.678741455078807,10.727516174319119,10.556534557522752,[105.10449982 -48.87006378],[ 94.42575836 -48.8700676 ],[ 83.69824219 -48.87007523],[ 73.14170837 -48.8740387 ]
242,10.687042236328805,10.732788085940212,10.555077462276364,[105.43868256 -48.87006378],[ 94.75164032 -48.8700676 ],[ 84.01885223 -48.87007523],[ 73.46377563 -48.87434387]
243,10.694953918459753,10.738265991211614,10.555581153374233,[105.77220154 -48.87006378],[ 95.07724762 -48.87007141],[ 84.33898163 -48.87007523],[ 73.78340149 -48.87470245]
244,10.70252227783475,10.74391174316474,10.557923538714647,[106.10508728 -48.87006378],[ 95.402565   -48.87007141],[ 84.65865326 -48.87007523],[ 74.1007309  -48.87505722]
245,10.709686279299593,10.749694824219427,10.561952039598902,[106.43733215 -48.87006378],[ 95.72764587 -48.87007141],[ 84.97795105 -48.87007523],[ 74.41600037 -48.87542725]
246,10.716545104983185,10.755523681641302,10.567521711497763,[106.76898193 -48.87006378],[ 96.05243683 -48.87007141],[ 85.29691315 -48.87007523],[ 74.72939301 -48.87583542]
247,10.723075866701933,10.761383056641302,10.574502832229182,[107.10004425 -48.87006378],[ 96.37696838 -48.87007141],[ 85.61558533 -48.87007523],[ 75.04108429 -48.87623596]
248,10.729270935061306,10.767250061035831,10.582780981236283,[107.43054199 -48.87006378],[ 96.70127106 -48.87007141],[ 85.934021   -48.87007523],[ 75.35124207 -48.87666321]
249,10.735191345217554,10.77304077148505,10.592218832511877,[107.76049805 -48.87006378],[ 97.0253067  -48.87007141],[ 86.25226593 -48.87007523],[ 75.66004944 -48.87711716]
250,10.740837097170678,10.778709411621769,10.602648529145977,[108.08989716 -48.87006378],[ 97.34906006 -48.87007141],[ 86.57035065 -48.87007523],[ 75.96770477 -48.87757874]
251,10.746200561526146,10.784286499024113,10.613947995968692,[108.41877747 -48.87006378],[ 97.6725769  -48.87007141],[ 86.88829041 -48.87007523],[ 76.2743454  -48.87804031]
252,10.751312255862082,10.7897033691413,10.625972310786747,[108.74714661 -48.87006378],[ 97.99583435 -48.87007141],[ 87.20613098 -48.87007523],[ 76.58016205 -48.87854767]
253,10.756164550783955,10.79496765136786,10.638599370875708,[109.07502747 -48.87006378],[ 98.31886292 -48.87007141],[ 87.52389526 -48.87007523],[ 76.88529968 -48.87905502]
254,10.760780334475362,10.800048828125673,10.651699483225872,[109.40242004 -48.87006378],[ 98.64163971 -48.87007141],[ 87.84159088 -48.87007523],[ 77.18989563 -48.87957001]
255,10.765182495119891,10.804924011231142,10.665165826554615,[109.72936249 -48.87006378],[ 98.96417999 -48.87007141],[ 88.15925598 -48.87007523],[ 77.49409485 -48.88008118]
256,10.769386291514715,10.809577941895204,10.678845831168967,[110.05584717 -48.87005615],[ 99.28646088 -48.87007141],[ 88.47688293 -48.87007523],[ 77.7980423 -48.8806076]
257,10.773376464854556,10.814041137695986,10.692655599580137,[110.38188934 -48.87005615],[ 99.60851288 -48.87007141],[ 88.79447174 -48.87007523],[ 78.1018219  -48.88117218]
258,10.777191162120177,10.818267822266298,10.706518797882614,[110.70750427 -48.87005615],[ 99.93031311 -48.87007141],[ 89.11204529 -48.87007523],[ 78.40553284 -48.88173294]
259,10.780853271495173,10.822235107422546,10.720305743149185,[111.03271484 -48.87005615],[100.25186157 -48.87007141],[ 89.42962646 -48.87007523],[ 78.7093277  -48.88230515]
260,10.784362792979545,10.825942993164734,10.733955383748837,[111.35751343 -48.87005615],[100.57315063 -48.87007141],[ 89.74720764 -48.87007523],[ 79.01325989 -48.88287354]
261,10.790115356512745,10.829444885253906,10.74737613791076,[111.68434143 -48.87003708],[100.89422607 -48.87007523],[ 90.06478119 -48.87007523],[ 79.31741333 -48.88341522]
262,10.817001342806396,10.832977294921875,10.760461214801616,[112.032341   -48.87004852],[101.21533966 -48.87007523],[ 90.38236237 -48.87007523],[ 79.6219101  -48.88394928]
263,10.878837585642508,10.838584899902344,10.773164852267442,[112.41738892 -48.87001038],[101.53855133 -48.87007523],[ 90.69996643 -48.87007523],[ 79.92681122 -48.88448715]
264,10.962905884054537,10.850532531738281,10.785685414912848,[112.83127594 -48.86999893],[101.86837006 -48.87007523],[ 91.01783752 -48.87007523],[ 80.23216248 -48.88502884]
265,11.064590454364598,10.87127685546875,10.798701885829509,[113.2726059  -48.86999893],[102.20801544 -48.87007523],[ 91.33673859 -48.87007523],[ 80.53804779 -48.88555145]
266,11.185867310278663,10.90155029296875,10.81320606546053,[113.74516296 -48.86994934],[102.55929565 -48.87007523],[ 91.65774536 -48.87007523],[ 80.84455109 -48.88604355]
267,11.321868897227274,10.943244934082031,10.830189833336894,[114.24714661 -48.86994553],[102.92527771 -48.87007523],[ 91.98203278 -48.87007523],[ 81.15185547 -48.88654709]
268,11.453407288375857,10.997947692871094,10.850522874682563,[114.76236725 -48.86994171],[103.30895996 -48.87007523],[ 92.31101227 -48.87007523],[ 81.46050262 -48.88702011]
269,11.56919097977432,11.064521789550781,10.875151265366815,[115.27983093 -48.86994171],[103.71063995 -48.87007523],[ 92.64611816 -48.87007523],[ 81.77098083 -48.8874855 ]
270,11.695625305937865,11.13958740234375,10.904708204994256,[115.82378387 -48.86994171],[104.12815857 -48.87007523],[ 92.98857117 -48.87007523],[ 82.08387756 -48.88792038]
271,11.838333130635709,11.223526000976562,10.940742486116559,[116.40250397 -48.86994171],[104.56417084 -48.87007523],[ 93.34064484 -48.87007523],[ 82.3999176  -48.88834381]
272,11.985313416271008,11.318832397463508,10.98392543381295,[117.0080719  -48.86994171],[105.02275848 -48.87007523],[ 93.70392609 -48.87008286],[ 82.72001648 -48.8887291 ]
273,12.136169434414501,11.424575805771694,11.03492091780692,[117.64089203 -48.86994171],[105.5047226  -48.87008286],[ 94.08014679 -48.87003326],[ 83.04524231 -48.88908005]
274,12.293785096025074,11.539642334107956,11.094735850362603,[118.30490875 -48.86994171],[106.01112366 -48.87008286],[ 94.47148132 -48.87002945],[ 83.37676239 -48.8894043 ]
275,12.472480774724403,11.646537780884167,11.163797484919122,[118.99872589 -48.86994171],[106.52624512 -48.87008286],[ 94.87970734 -48.87002945],[ 83.71592712 -48.88966751]
276,12.676940918841732,11.739006042601952,11.240892766692157,[119.72103119 -48.86993408],[107.04409027 -48.87008286],[ 95.30508423 -48.87002945],[ 84.06420898 -48.88987732]
277,12.882240296269226,11.844673157153535,11.322649554417842,[120.47257233 -48.86993408],[107.59033203 -48.87008286],[ 95.74565887 -48.86998367],[ 84.42302704 -48.89001465]
278,13.072105408561436,11.977348328047373,11.410540103261061,[121.25341797 -48.86993408],[108.18131256 -48.87008286],[ 96.20396423 -48.86998367],[ 84.79344177 -48.89004898]
279,13.251953125527635,12.125915527560363,11.508325796805908,[122.06289673 -48.86993408],[108.8109436  -48.87005234],[ 96.68502808 -48.86997986],[ 85.17671967 -48.88998413]
280,13.423355103026896,12.285682678414538,11.616784773749142,[122.90054321 -48.86993408],[109.47718811 -48.87004852],[ 97.19150543 -48.86997986],[ 85.57473755 -48.88978958]
281,13.579399109337334,12.478881836106005,11.717659939148323,[123.76532745 -48.86993408],[110.18592834 -48.87004471],[ 97.70704651 -48.86997986],[ 85.98940277 -48.88946533]
282,13.718948364449272,12.711151123067483,11.804908834692721,[124.65621185 -48.86993027],[110.93726349 -48.87000275],[ 98.22611237 -48.86997986],[ 86.42121887 -48.88901138]
283,13.844482422045278,12.9518203735492,11.907996162298346,[125.57241058 -48.86993027],[111.72792816 -48.86999893],[ 98.77610779 -48.86997986],[ 86.86812592 -48.88842773]
284,13.954582214524404,13.181503295912236,12.044164357217598,[126.51308441 -48.86993027],[112.5585022  -48.86999893],[ 99.3769989  -48.86997986],[ 87.3328476  -48.88771057]
285,14.048080444503748,13.406143188520524,12.201816795979116,[127.47731781 -48.86993027],[113.42923737 -48.86999893],[100.02309418 -48.8699646 ],[ 87.82128906 -48.88684845]
286,14.126304626631725,13.625946044965128,12.37837477921453,[128.46434021 -48.86992645],[114.33803558 -48.86999512],[100.71208954 -48.86996078],[ 88.33372498 -48.88586426]
287,14.18968200687747,13.831619262708463,12.604348357203984,[129.4733429  -48.86992645],[115.28366089 -48.86996078],[101.45204163 -48.86994171],[ 88.84770203 -48.88479996]
288,14.238037109416393,14.021209716809848,12.862266177356984,[130.50349426 -48.86992645],[116.26545715 -48.86996078],[102.24424744 -48.86994171],[ 89.38198853 -48.88361359]
289,14.272171020532793,14.197402954114375,13.122724609943877,[131.55404663 -48.86992645],[117.28187561 -48.86995316],[103.08447266 -48.86993408],[ 89.96175385 -48.88227081]
290,14.293090820337444,14.35656738282517,13.384060472912614,[132.62426758 -48.86992645],[118.33117676 -48.86995316],[103.97460938 -48.86993408],[ 90.59055328 -48.88076401]
291,14.301307678255217,14.495941162127444,13.64863900174858,[133.71347046 -48.86992264],[119.41216278 -48.86995316],[104.91622162 -48.86993027],[ 91.26758575 -48.87918472]
292,14.2974929809896,14.617385864275732,13.90324606192869,[134.82089233 -48.86992264],[120.52339935 -48.86995316],[105.90601349 -48.86993027],[ 92.00276947 -48.87746811]
293,14.282730102571666,14.719985961931856,14.144150931541569,[135.94590759 -48.86992264],[121.66317749 -48.86995316],[106.94319153 -48.86993027],[ 92.79904175 -48.87563705]
294,14.25793457034516,14.800964355486448,14.373756924041317,[137.08784485 -48.86992264],[122.82991028 -48.86995316],[108.02894592 -48.86993027],[ 93.65518951 -48.8737793 ]
295,14.224342346224143,14.863044738787154,14.58946243003901,[138.24607849 -48.86992264],[124.02173615 -48.86995316],[109.15869141 -48.86993027],[ 94.56922913 -48.87202072]
296,14.182777404787208,14.908859252947256,14.784477241453786,[139.41995239 -48.86996078],[125.23717499 -48.86995316],[110.32831573 -48.86993027],[ 95.5438385  -48.87040329]
297,14.133987426762445,14.936561584496525,14.95639041102151,[140.6089325 -48.8699646],[126.47494507 -48.86995316],[111.53838348 -48.86992645],[ 96.5819931  -48.86897659]
298,14.078765869145276,14.946800231957447,15.108192609223808,[141.81237793 -48.8699646 ],[127.73361206 -48.86995316],[112.78681183 -48.86992645],[ 97.67861938 -48.86769104]
299,14.017898559574984,14.941665649437924,15.24340858461496,[143.02967834 -48.8699646 ],[129.01177979 -48.86995316],[114.07011414 -48.86992645],[ 98.82670593 -48.86651611]
300,13.952102661151587,14.921348571801238,15.359558741792748,[144.26031494 -48.86997604],[130.30821228 -48.86995316],[115.38686371 -48.86992645],[100.0273056  -48.86550522]
301,13.882064819354806,14.886337280297386,15.454728073329683,[145.50375366 -48.86997604],[131.62168884 -48.86995316],[116.73535156 -48.86992645],[101.28062439 -48.86465073]
302,13.808578491299986,14.837921142602152,15.529633710014078,[146.75950623 -48.87000275],[132.95092773 -48.86995316],[118.11300659 -48.86992645],[102.58337402 -48.86397171]
303,13.732223510861402,14.777191162133501,15.583794975207121,[148.02711487 -48.87001038],[134.29489136 -48.86995316],[119.5177002  -48.86992645],[103.93390656 -48.8634758 ]
304,13.653640747190213,14.704933166535573,15.616426031786414,[149.30609131 -48.87001038],[135.65245056 -48.86995316],[120.9475174  -48.86992264],[105.33109283 -48.86314392]
305,13.573440551878422,14.622322082551378,15.627961754028522,[150.59602356 -48.87001038],[137.02258301 -48.86995316],[122.40026093 -48.86992264],[106.77230072 -48.86296463]
306,13.4920806885979,14.53057861328125,15.61898199172985,[151.8964386  -48.87001038],[138.40435791 -48.86995316],[123.8737793  -48.86995316],[108.25479889 -48.86291885]
307,13.410079956176766,14.430816650398691,15.589830061022283,[153.20697021 -48.87001038],[139.79689026 -48.86995316],[125.36607361 -48.86996841],[109.77624512 -48.86297226]
308,13.327896118286894,14.324066162117502,15.541368095695866,[154.52720642 -48.87001038],[141.1993103  -48.86995316],[126.87524414 -48.86996841],[111.33387756 -48.86309814]
309,13.245925903443904,14.211517333992566,15.47447349409843,[155.85676575 -48.87001038],[142.61083984 -48.86995316],[128.39932251 -48.86996841],[112.92485046 -48.86327362]
310,13.164535522585293,14.094192504908108,15.389832918955744,[157.19528198 -48.87001038],[144.03074646 -48.86995316],[129.93655396 -48.86997986],[114.54672241 -48.86347198]
311,13.083999634136623,13.973144531283326,15.28951395193668,[158.54238892 -48.87004852],[145.45838928 -48.86995316],[131.48524475 -48.86998367],[116.19573212 -48.86363602]
312,13.004608154675092,13.84939575204191,15.175156910415032,[159.89775085 -48.87004852],[146.8931427  -48.86994934],[133.04374695 -48.86999893],[117.86859131 -48.8637886 ]
313,12.92665100135706,13.723831176847412,15.047814653345107,[161.26106262 -48.87004852],[148.33441162 -48.86994934],[134.61058044 -48.86999893],[119.56276703 -48.86389542]
314,12.850250244523384,13.597366333098245,14.9090206962406,[162.63197327 -48.87004852],[149.78172302 -48.86994934],[136.18435669 -48.86999893],[121.27533722 -48.86395264]
315,12.775634766009995,13.47074890162861,14.760499280553764,[164.01017761 -48.87004852],[151.23454285 -48.86994934],[137.76379395 -48.87003326],[123.0032959  -48.86399841]
316,12.702911377340323,13.344772339131078,14.603402431032158,[165.395401   -48.87004852],[152.69248962 -48.86994934],[139.34771729 -48.87003326],[124.7443161  -48.86399841]
317,12.63223266640499,13.220077514914818,14.438645670358538,[166.78733826 -48.87004852],[154.15510559 -48.86994934],[140.93502808 -48.87003326],[126.49638367 -48.86399841]
318,12.563705444727425,13.097290039331376,14.268723810377532,[168.18577576 -48.87004852],[155.62207031 -48.86994934],[142.52478027 -48.87003326],[128.25605774 -48.86399841]
319,12.49736022991661,12.976959228786995,14.095216120999925,[169.59040833 -48.87005234],[157.0930481  -48.86994934],[144.11608887 -48.87003326],[130.02087402 -48.86403275]
320,12.433105469176617,12.859619140898847,13.919022881836732,[171.00094604 -48.87005234],[158.56784058 -48.86994934],[145.70822144 -48.87003326],[131.78919983 -48.86407471]
321,12.37120056195219,12.745574951448171,13.741502126586665,[172.41723633 -48.87005234],[160.04603577 -48.86994934],[147.30046082 -48.87003326],[133.55895996 -48.86412048]
322,12.311614990665202,12.635147095005275,13.564072906045405,[173.83901978 -48.87005234],[161.52740479 -48.86994934],[148.89225769 -48.87003326],[135.32818604 -48.86420822]
323,12.254302978948466,12.52868652371858,13.387437137572773,[175.2660675  -48.87005234],[163.01176453 -48.86994934],[150.483078   -48.87003326],[137.09564209 -48.8643074 ]
324,12.199188232889476,12.426422119450367,13.212876565891209,[176.69810486 -48.87005234],[164.49891663 -48.86994553],[152.07249451 -48.87003326],[138.85961914 -48.86440277]
325,12.146347046368072,12.32847595246064,13.041520355903671,[178.13500977 -48.87005234],[165.98866272 -48.86994553],[153.66018677 -48.87003326],[140.6186676  -48.86445999]
326,12.095657349104416,12.235061645822398,12.873978846122341,[179.57653809 -48.87005234],[167.48088074 -48.86994553],[155.24581909 -48.87003326],[142.37184143 -48.86450958]
327,12.047149658676627,12.146240234878784,12.71099972376366,[181.02255249 -48.87005234],[168.97540283 -48.86994553],[156.8291626  -48.87005615],[144.11816406 -48.86455917]
328,12.000717163561271,12.062057495624487,12.553330649692201,[182.4728241  -48.87005234],[170.47210693 -48.86994553],[158.41004944 -48.87005615],[145.85671997 -48.86460876]
329,11.956344604629109,11.982467651522635,12.401536208881328,[183.92718506 -48.87005234],[171.97084045 -48.86999512],[159.9883728  -48.87005615],[147.58683777 -48.86465836]
330,11.913970947385323,11.90750122084061,12.25593683752682,[185.38549805 -48.87005234],[173.4715271  -48.86999893],[161.56402588 -48.87005615],[149.30809021 -48.86470413]
331,11.873397827251999,11.837127685667351,12.116883486077972,[186.84754944 -48.87005234],[174.97415161 -48.87000275],[163.13702393 -48.87005615],[151.0201416  -48.86474991]
332,11.834686279400776,11.771224975707089,11.984910208744285,[188.31323242 -48.87005234],[176.47854614 -48.87000275],[164.70732117 -48.87005615],[152.72241211 -48.86480331]
333,11.797744751080788,11.709686279418662,11.860322164628874,[189.78239441 -48.87005234],[177.98464966 -48.87000275],[166.27496338 -48.87005615],[154.41464233 -48.8649025 ]
334,11.762466430768601,11.65243530285676,11.743149909617646,[191.25489807 -48.87005234],[179.49243164 -48.87000275],[167.83999634 -48.87005615],[156.09684753 -48.86495972]
335,11.728790283307964,11.599304199341695,11.633546016581652,[192.73060608 -48.87005234],[181.0018158  -48.87000275],[169.4025116  -48.87005615],[157.76896667 -48.86500931]
336,11.696640014753564,11.55010986340472,11.531586776148039,[194.20935059 -48.87005234],[182.51271057 -48.87000275],[170.96260071 -48.87005615],[159.43101501 -48.8650589 ]
337,11.665939331160091,11.504714965944268,11.437211154821815,[195.6910553  -48.87005234],[184.02511597 -48.87000275],[172.520401   -48.87005615],[161.08319092 -48.86510468]
338,11.636627197371295,11.462905883913471,11.350312337791419,[197.17556763 -48.87005234],[185.53894043 -48.87000275],[174.07603455 -48.87005615],[162.72572327 -48.86515427]
339,11.6086120606528,11.424514770632639,11.270814032782873,[198.6627655  -48.87005234],[187.05415344 -48.87000275],[175.62963867 -48.87005615],[164.35882568 -48.86520386]
340,11.58184814463742,11.389358520633024,11.19850261678235,[200.15257263 -48.87005234],[188.57072449 -48.87000275],[177.18136597 -48.87005615],[165.98286438 -48.86525345]
341,11.556243896590779,11.357238769656817,11.133210241513357,[201.64485168 -48.87005234],[190.08860779 -48.87000275],[178.73136902 -48.87005615],[167.59815979 -48.86530685]
342,11.53179931651288,11.32792663586808,11.074723266297292,[203.13954163 -48.87005234],[191.60774231 -48.87000275],[180.27981567 -48.87005615],[169.20509338 -48.86540604]
343,11.50837707530216,11.301269531376189,11.022736536745988,[204.63650513 -48.87005234],[193.12812805 -48.87000275],[181.82685852 -48.87005615],[170.80412292 -48.8655014 ]
344,11.48593139659143,11.277069091923334,10.976990670593246,[206.13563538 -48.87005234],[194.64970398 -48.87000275],[183.37263489 -48.87005615],[172.39564514 -48.86555099]
345,11.464462280380694,11.25515747082983,10.937104177487178,[207.63690186 -48.87005234],[196.17243958 -48.87000275],[184.9172821  -48.87005615],[173.98017883 -48.8656044 ]
346,11.443832397568388,11.235305786259742,10.902741367237942,[209.14013672 -48.87005234],[197.69630432 -48.87000275],[186.46099854 -48.87005615],[175.55825806 -48.86565399]
347,11.424057006943574,11.217376709111507,10.873566544971123,[210.64530945 -48.87005234],[199.22125244 -48.87000275],[188.00387573 -48.87005615],[177.13031006 -48.86570358]
348,11.405105590928127,11.201156616338254,10.849259277678055,[212.15237427 -48.87005234],[200.74726868 -48.87000275],[189.54611206 -48.87005615],[178.69685364 -48.86574936]
349,11.386901855576737,11.186553955205607,10.829377057490445,[213.66120911 -48.87005234],[202.27430725 -48.87000275],[191.0877533  -48.87005615],[180.25837708 -48.86579895]
350,11.369400024522216,11.173355102666696,10.81366048656259,[215.17173767 -48.87005234],[203.80233765 -48.87000275],[192.62898254 -48.87005615],[181.81532288 -48.86584854]
351,11.352554321397376,11.161453247198082,10.801758611324669,[216.68389893 -48.87005234],[205.3313446  -48.87000275],[194.16989136 -48.87005615],[183.36813354 -48.86590195]
352,11.336349487413155,11.15068054212008,10.793289965048688,[218.19763184 -48.87005234],[206.86128235 -48.87000275],[195.71060181 -48.87005615],[184.91731262 -48.86595154]
353,11.320739746202369,11.140869140753004,10.787995154058905,[219.71286011 -48.87005234],[208.39212036 -48.87000275],[197.25125122 -48.87005615],[186.46325684 -48.86598206]
354,11.305725097765013,11.131958007940607,10.785462195255198,[221.22955322 -48.87005234],[209.92382812 -48.87000275],[198.79187012 -48.87005615],[188.00640869 -48.86598206]
355,11.291198730577653,11.123886108526637,10.78532484896881,[222.74757385 -48.87005234],[211.45637512 -48.87000275],[200.33248901 -48.87005615],[189.54716492 -48.86602783]
356,11.277160644657709,11.116531372198597,10.78726269663965,[224.26690674 -48.87005615],[212.98974609 -48.87000275],[201.87321472 -48.87005615],[191.08595276 -48.86607742]
357,11.263656616337547,11.10975646989422,10.791153672196215,[225.78753662 -48.87005615],[214.52388    -48.87000275],[203.41412354 -48.87006378],[192.62297058 -48.86612701]
358,11.250595092900195,11.103515625167752,10.79658578277263,[227.30935669 -48.87005615],[216.0587616  -48.87000275],[204.95524597 -48.87006378],[194.15866089 -48.86617661]
359,11.237960815556587,11.097702026535028,10.803360666947919,[228.83233643 -48.87005615],[217.59437561 -48.87000275],[206.49667358 -48.87006378],[195.6933136 -48.8662262]
360,11.225784301884849,11.092254638839798,10.811203675931331,[230.35644531 -48.87005615],[219.13066101 -48.87000275],[208.03840637 -48.87006378],[197.22720337 -48.86624908]
361,11.213973999150609,11.087112426925813,10.819931690682408,[231.8815918  -48.87005615],[220.6676178  -48.87000275],[209.58050537 -48.87006378],[198.76057434 -48.86628342]
362,11.20257568372105,11.082199096847763,10.829254793032929,[233.40776062 -48.87005615],[222.20518494 -48.87000275],[211.12298584 -48.87006378],[200.29373169 -48.86633301]
363,11.191543579228988,11.077499389816584,10.839081444752695,[234.93492126 -48.87005615],[223.74337769 -48.87000275],[212.6658783  -48.87006378],[201.82679749 -48.8663559 ]
364,11.18086242688536,11.072952270676028,10.849136970608752,[236.46298218 -48.87005615],[225.28211975 -48.87000275],[214.20916748 -48.87006378],[203.36003113 -48.86640167]
365,11.17050170911204,11.06852722184797,10.859329825781609,[237.9919281  -48.87005615],[226.82142639 -48.87000275],[215.75289917 -48.87006378],[204.89356995 -48.86644745]
366,11.16046142590903,11.064208984543349,10.869507432456523,[239.52172852 -48.87005615],[228.36126709 -48.87000275],[217.29705811 -48.87006378],[206.42755127 -48.86646271]
367,11.150756836065392,11.059936523605915,10.879501923688963,[241.05235291 -48.87005615],[229.90159607 -48.87000275],[218.84165955 -48.87006378],[207.9621582  -48.86650848]
368,11.141342163213936,11.05574035661379,10.889221755724833,[242.58374023 -48.87005615],[231.44239807 -48.87000275],[220.38665771 -48.87006378],[209.49743652 -48.86655807]
369,11.132247924807302,11.051544189621666,10.898590640734644,[244.11587524 -48.87001038],[232.98362732 -48.87000275],[221.93208313 -48.87006378],[211.03349304 -48.86659241]
370,11.123443603518242,11.047363281418605,10.907532279799685,[245.64872742 -48.87001038],[234.52528381 -48.87000275],[223.47792053 -48.87006378],[212.57038879 -48.86662674]
371,11.11488342285418,11.043182373215544,10.91597037541532,[247.18222046 -48.87001038],[236.06733704 -48.87000275],[225.02415466 -48.87006378],[214.10818481 -48.86667252]
372,11.10656738281512,11.03904724137967,10.923798133826901,[248.71635437 -48.87001038],[237.60978699 -48.87000275],[226.57073975 -48.87006378],[215.64694214 -48.86667252]
373,11.098556518554688,11.034866333176609,10.931107080498219,[250.25112915 -48.87000275],[239.15257263 -48.87000275],[228.1177063  -48.87006378],[217.18659973 -48.86671448]
374,11.090789794921875,11.030685424973548,10.93779041587249,[251.78648376 -48.87000275],[240.69569397 -48.87000275],[229.66500854 -48.87006378],[218.72721863 -48.86676025]
375,11.083267211914062,11.026504516770487,10.943802363631713,[253.32240295 -48.87000275],[242.23913574 -48.87000275],[231.21263123 -48.87006378],[220.26882935 -48.86680984]
376,11.075973510742188,11.022308349800147,10.949158184847617,[254.85884094 -48.87000275],[243.78286743 -48.87000275],[232.76055908 -48.8700676 ],[221.81140137 -48.86685944]
377,11.068893432617188,11.018142700386157,10.953796856523581,[256.39578247 -48.87000275],[245.32688904 -48.87000275],[234.30874634 -48.8700676 ],[223.35494995 -48.86685944]
378,11.062118530273438,11.013961792183105,10.957748872723464,[257.93325806 -48.87000275],[246.87113953 -48.87000275],[235.85717773 -48.8700676 ],[224.89942932 -48.86689377]
379,11.055526733398438,11.00976562519099,10.961090533140911,[259.47116089 -48.87000275],[248.41563416 -48.87000275],[237.40586853 -48.8700676 ],[226.44477844 -48.86694336]
380,11.049102783203125,11.005630493355124,10.96374554831061,[261.00949097 -48.87000275],[249.96038818 -48.87000275],[238.95475769 -48.8700676 ],[227.99101257 -48.86699295]
381,11.038894653320312,11.001480102730197,10.965805472013606,[262.54421997 -48.87000275],[251.50532532 -48.87000275],[240.50384521 -48.8700676 ],[229.53804016 -48.86703873]
382,11.005783081054688,10.996765136909966,10.967270315707736,[264.05563354 -48.87000275],[253.04985046 -48.87000275],[242.05308533 -48.8700676 ],[231.08581543 -48.86703873]
383,10.9395751953125,10.988479614449172,10.968140057223952,[265.53048706 -48.87000275],[254.59091187 -48.87000275],[243.60243225 -48.8700676 ],[232.6342926  -48.86707306]
384,10.8408203125,10.971755981636964,10.967911161968951,[266.96389771 -48.87000275],[256.12307739 -48.87000275],[245.15132141 -48.8700676 ],[234.18341064 -48.86712265]
385,10.713043212890625,10.943145752145277,10.965408712499384,[268.35464478 -48.87000275],[257.64160156 -48.87000275],[246.69845581 -48.8700676 ],[235.73304749 -48.86715317]
386,10.559844970703814,10.901123046941745,10.959152601131633,[269.70297241 -48.87000275],[259.14312744 -48.86999893],[248.24200439 -48.87003708],[237.28285217 -48.86715317]
387,10.385101318359375,10.844680786199905,10.947647461625953,[271.00973511 -48.86999893],[260.62463379 -48.86999893],[249.779953   -48.87003708],[238.83230591 -48.86720276]
388,10.19610595703125,10.77003479010662,10.92955052663018,[272.27627563 -48.86999893],[262.08016968 -48.86999893],[251.31013489 -48.87003708],[240.38058472 -48.86724854]
389,9.9976806640625,10.67651367194315,10.902893418146155,[273.50387573 -48.86999893],[263.50619507 -48.86999893],[252.8296814  -48.87003708],[241.92678833 -48.86726761]
390,9.79278564453125,10.565643310615739,10.865860329593962,[274.69384766 -48.86999893],[264.90106201 -48.86999893],[254.3354187  -48.87003708],[243.46955872 -48.86730194]
391,9.58526611328125,10.437789917061895,10.816849088259106,[275.84744263 -48.86999893],[266.26217651 -48.86999893],[255.8243866  -48.87003708],[245.00753784 -48.86735153]
392,9.378540039074913,10.293853759836308,10.753876055480422,[276.96606445 -48.86998367],[267.58752441 -48.86999893],[257.29367065 -48.87003708],[246.53979492 -48.86740112]
393,9.175262451401052,10.13577270514991,10.676025713219852,[278.0512085  -48.86993408],[268.87594604 -48.86999893],[258.74017334 -48.87003708],[248.06414795 -48.86741257]
394,8.978057861341092,9.965484619213637,10.584457720957586,[279.10446167 -48.86998367],[270.12640381 -48.86999893],[260.16091919 -48.87003708],[249.57646179 -48.8674202 ]
395,8.788543701171875,9.784759521558735,10.479034738312459,[280.12664795 -48.86999893],[271.33810425 -48.86999893],[261.55334473 -48.87003708],[251.0743103  -48.86746979]
396,8.607666015625846,9.595886230544574,10.359115911192598,[281.1184082  -48.86999512],[272.51074219 -48.86999893],[262.91485596 -48.87003708],[252.55574036 -48.86750031]
397,8.436248779465918,9.401153564472473,10.225372629122381,[282.08050537 -48.8699646 ],[273.64425659 -48.87001801],[264.24310303 -48.87003708],[254.01773071 -48.86750031]
398,8.27383422894125,9.203887939456287,10.078628848815542,[283.01376343 -48.86996078],[274.7399292  -48.87004471],[265.53604126 -48.87003708],[255.45741272 -48.86754227]
399,8.121795654812887,9.005249023440731,9.919586483019396,[283.91894531 -48.86995316],[275.79714966 -48.87004471],[266.79190063 -48.87003708],[256.87231445 -48.86759186]
400,7.981719971272861,8.80593872071056,9.749389954121476,[284.796875   -48.86994934],[276.81515503 -48.87004471],[268.00921631 -48.87003326],[258.25982666 -48.86759186]
401,7.853546143204409,8.608123779304481,9.569275206044091,[285.64819336 -48.86994553],[277.79464722 -48.87004471],[269.18652344 -48.87003326],[259.61724854 -48.86762238]
402,7.737335205763655,8.413543701179659,9.380585014952922,[286.47369385 -48.86994171],[278.73635864 -48.87004471],[270.32281494 -48.87003326],[260.94223022 -48.86766815]
403,7.633361817207874,8.22189331055484,9.186371154068896,[287.27401733 -48.86993408],[279.64065552 -48.87004471],[271.41876221 -48.87003326],[262.23239136 -48.86766815]
404,7.541534424696431,8.0352172851644,8.98745757860945,[288.04980469 -48.86993027],[280.50827026 -48.87004471],[272.47305298 -48.87003326],[263.4855957  -48.86769867]
405,7.461608887596357,7.854858398445836,8.785095512008523,[288.80166626 -48.86993027],[281.34005737 -48.87004471],[273.48519897 -48.87003326],[264.70010376 -48.86774826]
406,7.393341065398867,7.6813659668054,8.581390685078238,[289.53024292 -48.86992645],[282.13690186 -48.87004471],[274.45553589 -48.87003326],[265.87414551 -48.86774826]
407,7.336364746927825,7.515350341805588,8.377929993926507,[290.2361145  -48.86993408],[282.89974976 -48.87004471],[275.38439941 -48.87003326],[267.00646973 -48.86776733]
408,7.290283203608049,7.3572998046964,8.17486602413416,[290.9197998  -48.86996078],[283.6295166  -48.87004471],[276.2722168  -48.87003326],[268.09735107 -48.86781311]
409,7.254730225051666,7.20755004883721,7.974060365543043,[291.58184814 -48.8699646 ],[284.32711792 -48.87004471],[277.11956787 -48.87003326],[269.14550781 -48.86782074]
410,7.229278564743991,7.066619873056141,7.776336979272349,[292.22280884 -48.86997986],[284.99353027 -48.87004471],[277.9269104  -48.87003326],[270.15057373 -48.86783981]
411,7.213592529418921,6.934722900400068,7.582245176132248,[292.84320068 -48.87000275],[285.62960815 -48.87004471],[278.69488525 -48.87003326],[271.11264038 -48.8678894 ]
412,7.207153320328652,6.812316894540863,7.392181707362502,[293.44348145 -48.87002945],[286.23632812 -48.87004471],[279.42401123 -48.87003326],[272.03182983 -48.8678894 ]
413,7.209564209033826,6.699615478525399,7.206512764410566,[294.0241394  -48.87001801],[286.8145752  -48.87004471],[280.11495972 -48.87003326],[272.90844727 -48.86790848]
414,7.220306396533752,6.596954345713051,7.025726624835553,[294.58566284 -48.87001801],[287.36535645 -48.87004471],[280.7684021  -48.87003326],[273.74267578 -48.86795807]
415,7.238983154361202,6.504547119158523,6.850220040890774,[295.12857056 -48.87001801],[287.8895874  -48.87004852],[281.38504028 -48.87003326],[274.53482056 -48.86795807]
416,7.263336181704736,6.4240722656431215,6.680755936352059,[295.65322876 -48.87001801],[288.38989258 -48.87004852],[281.96582031 -48.87003326],[275.2850647  -48.86796188]
417,7.286376953205884,6.361968994158923,6.5179751670818,[296.16015625 -48.87001419],[288.8737793  -48.87004852],[282.5118103  -48.87003326],[275.99383545 -48.86801147]
418,7.323211671433061,6.445037841825098,6.230774251329976,[296.66061401 -48.8701973 ],[289.33740234 -48.87004852],[282.8923645  -48.87002945],[276.66159058 -48.86801529]
419,7.376159671519845,6.695343017605293,5.798645369340645,[297.15792847 -48.8702774 ],[289.7817688  -48.87004852],[283.08642578 -48.87002945],[277.28778076 -48.86801529]
420,7.439422612777552,6.9113464355731935,5.553070433638487,[297.64733887 -48.87033081],[290.20791626 -48.87004852],[283.29656982 -48.87002945],[277.74349976 -48.86801529]
421,7.510101325861939,7.105621337916224,5.576935179548156,[298.1267395  -48.87038422],[290.61663818 -48.87004852],[283.51101685 -48.87002945],[277.93408203 -48.86801147]
422,7.586669931852904,7.292663574243693,5.648224237440109,[298.59585571 -48.87043762],[291.00918579 -48.87004852],[283.71652222 -48.87002945],[278.06829834 -48.86801147]
423,7.668243421414812,7.459014892602512,5.666321160116921,[299.05480957 -48.87049866],[291.38656616 -48.87004852],[283.92755127 -48.87002945],[278.26123047 -48.86801147]
424,7.75402833360041,7.604156494164546,5.680359245166382,[299.50390625 -48.87050247],[291.74987793 -48.87004852],[284.14572144 -48.87002945],[278.46536255 -48.86801147]
425,7.843261732332015,7.7355651855703895,5.7103885401564085,[299.94348145 -48.8705101 ],[292.10021973 -48.87004852],[284.36465454 -48.87002945],[278.65426636 -48.86801147]
426,7.935272230668859,7.854248046889822,5.793548936758914,[300.37384033 -48.87051773],[292.43856812 -48.87004852],[284.58432007 -48.87003326],[278.79077148 -48.86801147]
427,8.029388441667582,7.96023559571775,6.0028995103934335,[300.79525757 -48.87052155],[292.76586914 -48.87004852],[284.80563354 -48.87003326],[278.80273438 -48.86801147]
428,8.125030531570298,8.0563354492332,6.222259849952906,[301.20803833 -48.87052536],[293.08300781 -48.87004852],[285.02667236 -48.87003326],[278.80441284 -48.86801147]
429,8.221649183749616,8.144287109389294,6.439148266623547,[301.61248779 -48.87052536],[293.39083862 -48.87004852],[285.24655151 -48.87003326],[278.80740356 -48.86801147]
430,8.318573012154333,8.225250244154779,6.6430666967432295,[302.0088501  -48.87053299],[293.6902771  -48.87004852],[285.46502686 -48.87003326],[278.82196045 -48.8680687 ]
431,8.415405287603102,8.300415039076526,6.857940961814456,[302.39736938 -48.8705368 ],[293.98196411 -48.87004852],[285.68154907 -48.87003326],[278.8236084  -48.86804581]
432,8.511749281803075,8.371093750013907,7.067566197413356,[302.77838135 -48.87054062],[294.26663208 -48.87004852],[285.89553833 -48.87003326],[278.82797241 -48.86804581]
433,8.607116713286088,8.438262939466922,7.2780459256599945,[303.15203857 -48.87054062],[294.54492188 -48.87004852],[286.10665894 -48.87003326],[278.82861328 -48.86804581]
434,8.701171889131853,8.502655029310567,7.4818728225641875,[303.51861572 -48.87054443],[294.81744385 -48.87004852],[286.31478882 -48.87003326],[278.83291626 -48.86804581]
435,8.793518080823265,8.565155029310466,7.673401130393936,[303.87832642 -48.87055206],[295.08480835 -48.87004852],[286.51965332 -48.87003326],[278.84625244 -48.8680687 ]
436,8.88397218245601,8.62625122071662,7.8462221621947705,[304.23138428 -48.87055588],[295.34741211 -48.87004852],[286.72116089 -48.87003326],[278.87493896 -48.86809921]
437,8.972229018251003,8.686492919935278,8.042846922426682,[304.57803345 -48.87055588],[295.60580444 -48.87004852],[286.91931152 -48.87003326],[278.87646484 -48.86805725]
438,9.057952894855505,8.746368408216435,8.233581780084762,[304.918396   -48.87055206],[295.86044312 -48.87004852],[287.11407471 -48.87003326],[278.88049316 -48.86805725]
439,9.14105225873049,8.806030273458155,8.425232165316038,[305.25265503 -48.87053299],[296.11160278 -48.87005234],[287.30557251 -48.87003326],[278.88034058 -48.86805725]
440,9.22134400531414,8.865875244161142,8.608947980683562,[305.58108521 -48.87050629],[296.35974121 -48.87005234],[287.49386597 -48.87003326],[278.88491821 -48.86805725]
441,9.298675548376979,8.925872802754753,8.77911398594322,[305.90374756 -48.8705101 ],[296.60507202 -48.87005234],[287.67919922 -48.87003326],[278.90008545 -48.86808395]
442,9.37292481391041,8.986267089863992,8.933410864762804,[306.22085571 -48.87046814],[296.84793091 -48.87005234],[287.86166382 -48.87003326],[278.92825317 -48.86804962]
443,9.444061288283132,9.047027587910732,9.077301232243157,[306.53259277 -48.87046432],[297.08853149 -48.87005234],[288.04150391 -48.87003326],[278.96420288 -48.8680954 ]
444,9.512054450408876,9.108032226582472,9.211334466589808,[306.83905029 -48.87041855],[297.32699585 -48.87005234],[288.21896362 -48.87003326],[279.00762939 -48.867939  ]
445,9.576812750853753,9.169403076191713,9.332550290708268,[307.14047241 -48.87041092],[297.56365967 -48.87005234],[288.39425659 -48.87003326],[279.06170654 -48.86790848]
446,9.638397221997332,9.230895996113455,9.438537864182566,[307.43695068 -48.87036896],[297.79855347 -48.87005234],[288.56765747 -48.87003326],[279.12911987 -48.86779022]
447,9.696746830854812,9.2925109863477,9.534546177756765,[307.72857666 -48.8703537 ],[298.03182983 -48.87005234],[288.73931885 -48.87003326],[279.20477295 -48.86772537]
448,9.751953128552195,9.354003906269446,9.6268008220438,[308.01556396 -48.87031555],[298.26361084 -48.87005234],[288.90960693 -48.87003326],[279.2828064  -48.86769104]
449,9.80404663399491,9.41510009767557,9.711029332443943,[308.29797363 -48.87030029],[298.493927   -48.87005234],[289.0788269  -48.87003326],[279.36779785 -48.86770248]
450,9.853149416296281,9.475708007831697,9.785888938649018,[308.57598877 -48.87026215],[298.72283936 -48.87005234],[289.24713135 -48.87003326],[279.46124268 -48.86774826]
451,9.899322511908872,9.535644531269076,9.852020543909395,[308.84970093 -48.87025833],[298.95037842 -48.87005234],[289.41473389 -48.87003326],[279.56271362 -48.86768341]
452,9.942687989572127,9.594665527362709,9.913330345884239,[309.1192627  -48.87021255],[299.17657471 -48.87005234],[289.58190918 -48.87003326],[279.6685791  -48.86772919]
453,9.983245850834516,9.652648925800094,9.970550791995372,[309.38470459 -48.87020874],[299.40145874 -48.87005234],[289.74880981 -48.87003326],[279.77825928 -48.86777878]
454,10.02120971758755,9.70938110353436,10.022064453208724,[309.64620972 -48.87017822],[299.625      -48.87005234],[289.9156189  -48.87003326],[279.89355469 -48.86782074]
455,10.056610108117159,9.764709472674879,10.068359607325865,[309.90383911 -48.87017059],[299.847229   -48.87005234],[290.08251953 -48.87003326],[280.01416016 -48.86787033]
456,10.089660645018734,9.818481445331026,10.110016090021364,[310.15777588 -48.87015152],[300.06811523 -48.87005234],[290.24963379 -48.87003326],[280.13961792 -48.86791992]
457,10.120452881118911,9.870513916034053,10.147247524316397,[310.40805054 -48.87012482],[300.28759766 -48.87005234],[290.41708374 -48.87003326],[280.26983643 -48.86796951]
458,10.148986816665056,9.920776367205836,10.181457719513544,[310.65472412 -48.87012482],[300.5057373  -48.87005234],[290.58496094 -48.87003326],[280.40350342 -48.86801529]
459,10.175628662270258,9.969055175799497,10.212799261955771,[310.89801025 -48.87010956],[300.72238159 -48.87005234],[290.75332642 -48.87003326],[280.54052734 -48.86806488]
460,10.200317382870278,10.015228271502536,10.241455256446597,[311.13787842 -48.87008667],[300.93756104 -48.87005234],[290.92233276 -48.87003326],[280.68087769 -48.8681221 ]
461,10.223205566441123,10.059356689479165,10.267791913360012,[311.37445068 -48.87008286],[301.15124512 -48.87005615],[291.09188843 -48.87003326],[280.82409668 -48.86819077]
462,10.244476318362215,10.101257324244681,10.292114409359568,[311.60784912 -48.87006378],[301.3633728  -48.87005615],[291.26211548 -48.87003326],[280.97000122 -48.86826706]
463,10.264221191406959,10.140960693385205,10.314575334373309,[311.83813477 -48.87005234],[301.57391357 -48.87005615],[291.43295288 -48.87003326],[281.11837769 -48.86833954]
464,10.282501220703832,10.178375244166359,10.335479863484277,[312.06536865 -48.87005234],[301.78286743 -48.87005615],[291.60449219 -48.87003326],[281.26901245 -48.86841202]
465,10.299560546909616,10.213562011744395,10.35498058400265,[312.28970337 -48.87002945],[301.99014282 -48.87005615],[291.77658081 -48.87003326],[281.42160034 -48.86848831]
466,10.315368652400883,10.246459960963064,10.373077496547157,[312.51107788 -48.87002182],[302.19570923 -48.87005615],[291.94924927 -48.87003326],[281.57617188 -48.86856461]
467,10.33010864264856,10.277160644556737,10.389953707089001,[312.72967529 -48.87001801],[302.39956665 -48.87005615],[292.12240601 -48.87003326],[281.73245239 -48.86863708]
468,10.343872070470766,10.305603027369166,10.405792320520732,[312.94552612 -48.86999893],[302.60165405 -48.87005615],[292.29605103 -48.87003326],[281.89025879 -48.86870956]
469,10.356750488461099,10.331909179712852,10.420562819259084,[313.15869141 -48.86999512],[302.80194092 -48.87005615],[292.47003174 -48.87003326],[282.04946899 -48.86878204]
470,10.368896484628317,10.356109619165919,10.434356756032765,[313.36929321 -48.86998367],[303.00039673 -48.87005615],[292.64428711 -48.87003326],[282.20993042 -48.86885452]
471,10.380279541268665,10.378295898462738,10.447204649633303,[313.57733154 -48.86998367],[303.197052   -48.87005615],[292.8187561  -48.87003326],[282.37155151 -48.86891556]
472,10.391082764075197,10.398529052759564,10.459137015499582,[313.78289795 -48.8699646 ],[303.39181519 -48.87005615],[292.99328613 -48.87003326],[282.53414917 -48.86898422]
473,10.401275635168552,10.41702270510327,10.470184373874076,[313.98608398 -48.8699646 ],[303.58480835 -48.87005615],[293.16778564 -48.87003326],[282.69760132 -48.86903381]
474,10.411071777891662,10.433654785181355,10.480407758233985,[314.18692017 -48.86994934],[303.77584839 -48.87005615],[293.3421936  -48.87003326],[282.86178589 -48.86907959]
475,10.420379639219297,10.448699951196943,10.489776650288274,[314.38546753 -48.86994934],[303.96508789 -48.87005615],[293.51638794 -48.87003326],[283.02661133 -48.86912918]
476,10.42941284242475,10.462158203150036,10.498230014934189,[314.58181763 -48.86994171],[304.15240479 -48.87005615],[293.69024658 -48.87003326],[283.1920166  -48.86918259]
477,10.438018799455481,10.474304199243758,10.505889923120014,[314.77597046 -48.86994171],[304.33795166 -48.87005615],[293.86364746 -48.87003326],[283.35775757 -48.86923218]
478,10.446502686400084,10.485046386743731,10.512817409672344,[314.96807861 -48.86992264],[304.52157593 -48.87005615],[294.03652954 -48.87003326],[283.52371216 -48.86928177]
479,10.454620362180671,10.49462890627496,10.518951439433817,[315.15802002 -48.86992264],[304.70339966 -48.87005615],[294.20877075 -48.87003326],[283.68981934 -48.86933136]
480,10.462585450170788,10.503082275415563,10.524475117635886,[315.3460083  -48.86991501],[304.88342285 -48.87005615],[294.38034058 -48.87003326],[283.85586548 -48.86938477]
481,10.470428467748201,10.51049804689992,10.529266374454883,[315.53204346 -48.86991501],[305.06161499 -48.87005615],[294.55111694 -48.87003326],[284.02185059 -48.86943436]
482,10.47808838019019,10.517150878950526,10.533294692257561,[315.71615601 -48.86989975],[305.23806763 -48.87006378],[294.72091675 -48.87003326],[284.18762207 -48.86948013]
483,10.485717774720507,10.523010253950503,10.536682140756538,[315.89849854 -48.86989975],[305.41278076 -48.87006378],[294.88977051 -48.87003326],[284.35308838 -48.86953354]
484,10.493286134154907,10.528137207065114,10.539520273447922,[316.07901001 -48.86989594],[305.58572388 -48.87006378],[295.05758667 -48.87003708],[284.51806641 -48.86958313]
485,10.500762940794576,10.532745361361973,10.5417480544845,[316.25778198 -48.86989594],[305.75701904 -48.87006378],[295.22427368 -48.87003708],[284.68252563 -48.86963654]
486,10.508239747756214,10.536926269565086,10.543426519512833,[316.43490601 -48.86987686],[305.92666626 -48.87006378],[295.38973999 -48.87003708],[284.84631348 -48.86968613]
487,10.515625001661297,10.540679931674449,10.544647221103254,[316.61029053 -48.86987686],[306.09466553 -48.87006378],[295.5539856  -48.87003708],[285.00933838 -48.86973572]
488,10.52297973798826,10.544311523471311,10.54531860643075,[316.78411865 -48.86987686],[306.26113892 -48.87006378],[295.71682739 -48.87003708],[285.17150879 -48.86978912]
489,10.530334474671067,10.547821044955676,10.545532228428142,[316.9564209  -48.86985779],[306.42608643 -48.87006378],[295.87826538 -48.87003708],[285.33273315 -48.86983871]
490,10.537750246154024,10.551116943393165,10.545349122090064,[317.12716675 -48.86985779],[306.5894165  -48.87006378],[296.03829956 -48.87003708],[285.49295044 -48.86989212]
491,10.54721069576073,10.554412841830654,10.544738769962505,[317.29840088 -48.86983871],[306.75119019 -48.87006378],[296.19677734 -48.87003708],[285.65203857 -48.86994171]
492,10.576080324825538,10.557891845736894,10.544006347739748,[317.487854   -48.86983109],[306.91177368 -48.87006378],[296.35388184 -48.87003708],[285.80987549 -48.86999512]
493,10.642730715434507,10.563293457065,10.543121337893385,[317.71560669 -48.86983109],[307.07287598 -48.87006378],[296.50958252 -48.87003708],[285.96646118 -48.87004471]
494,10.737792971791759,10.574401855502465,10.542358398614182,[317.97625732 -48.8698082 ],[307.23846436 -48.87006378],[296.6640625  -48.87003708],[286.1217041  -48.87009811]
495,10.85336304068187,10.5950317383149,10.542266846324278,[318.26626587 -48.86978531],[307.41290283 -48.87006378],[296.81787109 -48.87003708],[286.27560425 -48.87015152]
496,10.990905766062118,10.626678466830425,10.543975831295388,[318.5897522  -48.86975479],[307.59884644 -48.87006378],[296.97216797 -48.87003708],[286.42819214 -48.8701973 ]
497,11.146606450599782,10.671173095736535,10.54858398661602,[318.94592285 -48.86972046],[307.79931641 -48.87006378],[297.12814331 -48.87003708],[286.57955933 -48.87025452]
498,11.314941411575013,10.730346679720725,10.55743408531243,[319.33276367 -48.86971664],[308.01782227 -48.87006378],[297.28747559 -48.87003708],[286.7300415  -48.87030029]
499,11.493377692133196,10.805114746136846,10.571685795756975,[319.75033569 -48.8696785 ],[308.25695801 -48.8700676 ],[297.45184326 -48.87003708],[286.88015747 -48.8703537 ]
500,11.678710944368689,10.895812988323987,10.592773444096789,[320.19769287 -48.86966705],[308.51898193 -48.8700676 ],[297.62316895 -48.87003708],[287.03039551 -48.87041092]
501,11.86770630571679,11.002410888714198,10.622344979295352,[320.67407227 -48.86966324],[308.80636597 -48.8700676 ],[297.80395508 -48.87003708],[287.18161011 -48.87046432]
502,12.058380133732863,11.12426757816686,10.66223145465394,[321.17941284 -48.86966324],[309.12103271 -48.8700676 ],[297.99676514 -48.87003708],[287.33453369 -48.8704834 ]
503,12.230133063325152,11.260772705119477,10.713806163998125,[321.69485474 -48.86966324],[309.46472168 -48.8700676 ],[298.20394897 -48.87003708],[287.49014282 -48.8705368 ]
504,12.375488287609082,11.409301757822703,10.777618420144949,[322.2130127  -48.86965561],[309.83752441 -48.87005234],[298.42822266 -48.87003708],[287.65060425 -48.87054443]
505,12.52120972308195,11.564117431650692,10.854400647346923,[322.75738525 -48.86965561],[310.23617554 -48.87005234],[298.67205811 -48.87003708],[287.81765747 -48.87055969]
506,12.673767094809106,11.724792480499158,10.944335950530371,[323.33578491 -48.86965561],[310.66201782 -48.87001038],[298.93722534 -48.87003708],[287.9928894  -48.87057114]
507,12.822357182537212,11.892608642627682,11.047119153719212,[323.94055176 -48.86965179],[311.11819458 -48.87000275],[299.22558594 -48.87003708],[288.1784668  -48.87057495]
508,12.967590336278125,12.06546020519632,11.162963880330283,[324.5723877  -48.86965179],[311.60479736 -48.86998367],[299.53933716 -48.87003708],[288.37637329 -48.87057877]
509,13.116638187792367,12.237792968883774,11.291809095392638,[325.23501587 -48.86964798],[312.11837769 -48.86997986],[299.88058472 -48.87003708],[288.58877563 -48.8705864 ]
510,13.291107181150888,12.38552856476389,11.432525648146484,[325.92703247 -48.86964798],[312.63592529 -48.86994934],[300.25039673 -48.87003708],[288.81787109 -48.87059021]
511,13.469268802114637,12.530487060970177,11.58160401693331,[326.64733887 -48.86964417],[313.17807007 -48.86994171],[300.64758301 -48.87004471],[289.065979   -48.87059402]
512,13.629241946607312,12.695770264089665,11.73727418277616,[327.39660645 -48.86964417],[313.7673645  -48.86994171],[301.07159424 -48.87004471],[289.33432007 -48.87059402]
513,13.776794435964533,12.871185303638839,11.90551759133116,[328.17492676 -48.86963654],[314.39813232 -48.86989212],[301.52694702 -48.87004471],[289.62142944 -48.87060547]
514,13.917205812305584,13.047454834876621,12.083801282720193,[328.98138428 -48.86967087],[315.06417847 -48.86989212],[302.01672363 -48.87004471],[289.93292236 -48.87060928]
515,14.043273927292057,13.236114502832653,12.262420667469929,[329.81530762 -48.86968613],[315.77203369 -48.86989212],[302.53591919 -48.87004471],[290.27349854 -48.8706131 ]
516,14.151519776386014,13.462585450265076,12.41876222056752,[330.67584229 -48.86970901],[316.52432251 -48.86987686],[303.06173706 -48.87004471],[290.64297485 -48.87062454]
517,14.246093750490815,13.697784424856485,12.57818604887497,[331.56201172 -48.86975861],[317.31591797 -48.86987686],[303.61813354 -48.87004471],[291.03994751 -48.87063217]
518,14.326812744567732,13.919738770589733,12.760803234977274,[332.47311401 -48.86976624],[318.14630127 -48.86987686],[304.2265625  -48.87004852],[291.46575928 -48.87060928]
519,14.39157104534706,14.130798340474504,12.961669934005085,[333.4083252  -48.86976624],[319.01675415 -48.86987686],[304.88595581 -48.87001038],[291.92428589 -48.87057114]
520,14.441925049251827,14.329406739134802,13.177337655959938,[334.36691284 -48.86976624],[319.92498779 -48.86987686],[305.59558105 -48.87003326],[292.41824341 -48.87053299]
521,14.479064941800223,14.506927490434995,13.418579112496028,[335.34805298 -48.86976624],[320.86898804 -48.86987305],[306.36206055 -48.86994934],[292.94348145 -48.87049103]
522,14.50247192400924,14.665649414348266,13.701812752705472,[336.3508606  -48.86980057],[321.84838867 -48.86987305],[307.18273926 -48.8699646 ],[293.48092651 -48.87044907]
523,14.513031005957638,14.808929443576048,13.99563599250474,[337.37463379 -48.86981964],[322.86160278 -48.86987305],[308.05267334 -48.86995316],[294.05703735 -48.87036896]
524,14.511932373145145,14.931304931855522,14.284240726423548,[338.41867065 -48.86981964],[323.90673828 -48.86987305],[308.97543335 -48.86995316],[294.69119263 -48.87028122]
525,14.499694824250865,15.031280517791593,14.562927247660564,[339.48217773 -48.86984253],[324.98248291 -48.86987305],[309.95120239 -48.86995316],[295.38827515 -48.87016678]
526,14.476776123054917,15.113250732634185,14.822814942191629,[340.5645752  -48.86988831],[326.08779907 -48.86987305],[310.97454834 -48.86995316],[296.1517334  -48.87010574]
527,14.443817138712678,15.175659179898938,15.062927246124664,[341.66522217 -48.86990738],[327.22140503 -48.86987305],[312.04574585 -48.86995316],[296.9828186  -48.86998367]
528,14.40246582035342,15.216278076382748,15.285125732528979,[342.78335571 -48.86990738],[328.38088989 -48.86987305],[313.16461182 -48.86995316],[297.87948608 -48.86989594]
529,14.353881835978559,15.240051269741794,15.478179932469843,[343.91836548 -48.86990738],[329.56448364 -48.86987305],[314.32443237 -48.86995316],[298.84625244 -48.86979294]
530,14.298736572327197,15.247528076424308,15.641845705213102,[345.06964111 -48.86990738],[330.77090454 -48.86986542],[315.52337646 -48.86995316],[299.88153076 -48.86969757]
531,14.23776245123371,15.236389160408867,15.787689212970378,[346.23654175 -48.86990738],[331.9987793  -48.86986542],[316.76239014 -48.86995316],[300.97470093 -48.86959839]
532,14.171936035218373,15.206817627206235,15.913665778068262,[347.4185791  -48.86990738],[333.24664307 -48.86986542],[318.03982544 -48.86995316],[302.12615967 -48.86949539]
533,14.101776123109307,15.164001465097574,16.011657724397853,[348.61514282 -48.86990738],[334.5133667  -48.86986542],[319.34936523 -48.86995316],[303.33770752 -48.86940002]
534,14.02795410183688,15.108978271739122,16.083496107133403,[349.82568359 -48.86995316],[335.79772949 -48.86986542],[320.68875122 -48.86995316],[304.60525513 -48.86929703]
535,13.95089721707277,15.041137695568397,16.131988543251733,[351.04956055 -48.86995316],[337.09866333 -48.86986542],[322.05752563 -48.86995316],[305.92553711 -48.86919403]
536,13.87142944363685,14.962341308850995,16.15509035304426,[352.28634644 -48.86995316],[338.41491699 -48.86986542],[323.45257568 -48.86995316],[307.29748535 -48.86912918]
537,13.790222168272658,14.873962402625514,16.153137231066975,[353.53555298 -48.86995316],[339.74533081 -48.8698616 ],[324.87136841 -48.86995316],[308.7182312  -48.86907196]
538,13.707489013977616,14.776733398721118,16.12847903054472,[354.79666138 -48.86995316],[341.08917236 -48.8698616 ],[326.31243896 -48.86995316],[310.18395996 -48.86902618]
539,13.62377929718262,14.671691894816899,16.081909206623443,[356.06921387 -48.86995316],[342.44543457 -48.8698616 ],[327.77374268 -48.86995316],[311.6918335  -48.86902237]
540,13.53973388683966,14.560119629018686,16.014068630787854,[357.35284424 -48.86995316],[343.81311035 -48.86989594],[329.25299072 -48.86995316],[313.23892212 -48.86901855]
541,13.455596923905992,14.442993164135043,15.926940945390172,[358.64706421 -48.86995316],[345.19146729 -48.86990738],[330.74847412 -48.86995316],[314.8215332  -48.86901855]
542,13.371765136797105,14.32128906257316,15.821899441665972,[359.95147705 -48.86995316],[346.57971191 -48.86990738],[332.25842285 -48.86995316],[316.43652344 -48.86901855]
543,13.288574218828845,14.196136474683179,15.699859647414693,[361.26574707 -48.86995316],[347.97717285 -48.86990738],[333.78103638 -48.86995316],[318.08117676 -48.86901093]
544,13.206420898516836,14.0682678223401,15.563385036469969,[362.5894165  -48.86995316],[349.38299561 -48.86990738],[335.31472778 -48.86995316],[319.75134277 -48.86904144]
545,13.12545776372731,13.9387207031772,15.414550806003138,[363.92218018 -48.86995316],[350.79672241 -48.86991501],[336.85800171 -48.86995316],[321.44345093 -48.86907959]
546,13.04589843750502,13.808258056645368,15.25457766173147,[365.26361084 -48.86995316],[352.2177124 -48.8699646],[338.40945435 -48.86995316],[323.15487671 -48.86907959]
547,12.9679565429738,13.677795410161037,15.084777856885632,[366.61346436 -48.86995316],[353.64550781 -48.8699646 ],[339.9677124  -48.86995316],[324.88293457 -48.86908722]
548,12.89196777344653,13.547912597664842,14.906433130620496,[367.97146606 -48.86995316],[355.07949829 -48.86996841],[341.53158569 -48.86995316],[326.62515259 -48.86908722]
549,12.817810058602833,13.41928100586805,14.722290064528838,[369.33718872 -48.86995316],[356.51937866 -48.86996841],[343.10009766 -48.86995316],[328.37780762 -48.86908722]
550,12.745574951218115,13.292633056649382,14.533630396890665,[370.71026611 -48.87000275],[357.96469116 -48.86996841],[344.67205811 -48.86995316],[330.13842773 -48.86908722]
551,12.675445556687121,13.168395996102591,14.342010524188455,[372.09048462 -48.87000275],[359.41503906 -48.86996841],[346.24664307 -48.86995316],[331.90463257 -48.86908722]
552,12.60742187506983,13.047149658212048,14.148956325326392,[373.47756958 -48.87001038],[360.87014771 -48.86996841],[347.82299805 -48.86995316],[333.67404175 -48.86908722]
553,12.541625976632698,12.929138183607819,13.95584109108189,[374.87127686 -48.87001038],[362.32965088 -48.86996841],[349.4005127  -48.86994934],[335.44467163 -48.86908722]
554,12.478149414133055,12.814575195326695,13.763702420058621,[376.27127075 -48.87001038],[363.79312134 -48.86996841],[350.97854614 -48.86994934],[337.21484375 -48.86907959]
555,12.417022705149027,12.704010009779942,13.573669458835088,[377.67752075 -48.87001038],[365.26049805 -48.86996841],[352.55648804 -48.86994934],[338.9828186  -48.86912155]
556,12.35809326178999,12.597625732436315,13.386871360731819,[379.08956909 -48.87001038],[366.73147583 -48.86996841],[354.1338501  -48.86994934],[340.74697876 -48.86916733]
557,12.30126953132157,12.495574951186432,13.203857445032787,[380.5071106  -48.87001038],[368.20584106 -48.86996841],[355.71026611 -48.86994934],[342.50640869 -48.86916733]
558,12.246643066491803,12.39801025391564,13.025665306677713,[381.93008423 -48.87001038],[369.68344116 -48.8699646 ],[357.28543091 -48.86994934],[344.25976562 -48.86916733]
559,12.194183349695296,12.305023193368836,12.85284426207148,[383.35818481 -48.87001038],[371.16400146 -48.8699646 ],[358.85897827 -48.86994934],[346.00613403 -48.86916733]
560,12.143890380945653,12.216583251962655,12.686218285121168,[384.79129028 -48.87001038],[372.6473999 -48.8699646],[360.43081665 -48.86994934],[347.74459839 -48.86917877]
561,12.095581054774122,12.132812500009596,12.526123067623997,[386.22912598 -48.87001038],[374.13354492 -48.8699646 ],[362.00073242 -48.86994934],[349.47460938 -48.86922836]
562,12.04934692391508,12.053680419931533,12.373046896005699,[387.67160034 -48.87001038],[375.62225342 -48.8699646 ],[363.568573   -48.86994934],[351.19552612 -48.86922836]
563,12.004974365321651,11.979034423837843,12.227355978287234,[389.11837769 -48.87001038],[377.11340332 -48.8699646 ],[365.1343689  -48.86994934],[352.90701294 -48.86922836]
564,11.96249389657196,11.90890502931215,12.089172384553297,[390.56936646 -48.87001038],[378.60687256 -48.8699646 ],[366.69796753 -48.86994553],[354.60879517 -48.86922836]
565,11.921783447353508,11.843139648452858,11.958709738300987,[392.02432251 -48.87001038],[380.10253906 -48.8699646 ],[368.25939941 -48.86994553],[356.3006897  -48.86922836]
566,11.8827514648462,11.781616211076454,11.836212178565114,[393.48312378 -48.87001038],[381.60037231 -48.87000275],[369.8187561  -48.86994553],[357.98254395 -48.86925125]
567,11.845581054693028,11.724243164202132,11.7217407416659,[394.94580078 -48.87001419],[383.10021973 -48.87000275],[371.37597656 -48.86994553],[359.65423584 -48.86927795]
568,11.809875488281866,11.670898437640272,11.615264912203031,[396.41201782 -48.87001419],[384.60214233 -48.87001038],[372.9312439  -48.86995316],[361.315979   -48.86927795]
569,11.775756835938118,11.62130737305251,11.516632102645875,[397.88162231 -48.87001419],[386.10586548 -48.87001038],[374.48455811 -48.86999893],[362.96792603 -48.86927795]
570,11.74310302734437,11.575408935552533,11.425903342819382,[399.35455322 -48.87001419],[387.6114502  -48.87001038],[376.03604126 -48.86999893],[364.61013794 -48.86928177]
571,11.711853027344372,11.53298950195565,11.342773457369926,[400.83065796 -48.87001419],[389.11880493 -48.87001038],[377.58581543 -48.87000275],[366.24304199 -48.86933136]
572,11.681884765625624,11.493865966799406,11.267150896274808,[402.30975342 -48.87001419],[390.62786865 -48.87001038],[379.13400269 -48.87000275],[367.86685181 -48.86937714]
573,11.653198242188124,11.457855224611915,11.198730485591204,[403.79177856 -48.87001419],[392.13858032 -48.87001038],[380.6807251  -48.87000275],[369.48199463 -48.86938858]
574,11.62564086914125,11.424804687502547,11.13732911849655,[405.27658081 -48.87001419],[393.65093994 -48.87001038],[382.22613525 -48.87000275],[371.08880615 -48.86938858]
575,11.599273681641252,11.39437866211193,11.082580583213213,[406.7640686  -48.87001419],[395.16479492 -48.87001038],[383.77041626 -48.87000275],[372.68783569 -48.8693924 ]
576,11.573944091797504,11.366546630861935,11.034149186802606,[408.25408936 -48.87001419],[396.68014526 -48.87001038],[385.31359863 -48.87000275],[374.27944946 -48.8693924 ]
577,11.549713134766256,11.341064453127567,10.991699235695926,[409.74664307 -48.87001419],[398.19692993 -48.87001038],[386.85586548 -48.87000275],[375.86416626 -48.8693924 ]
578,11.526397705078756,11.317779541018197,10.954895036534108,[411.24151611 -48.87001419],[399.71511841 -48.87001038],[388.39733887 -48.87000275],[377.44244385 -48.8693924 ]
579,11.503967285156882,11.2965393066432,10.923370378380053,[412.73864746 -48.87001419],[401.23468018 -48.87001038],[389.93814087 -48.87000275],[379.01477051 -48.8693924 ]
580,11.482360839849452,11.277130126955706,10.896942155979492,[414.23794556 -48.86999893],[402.75558472 -48.87001038],[391.47845459 -48.87000275],[380.58151245 -48.86938858]
581,11.461669921880713,11.259338378908835,10.87515260523292,[415.73931885 -48.86999893],[404.27764893 -48.87001038],[393.01831055 -48.87000275],[382.14315796 -48.86938858]
582,11.441650390630723,11.243194580080713,10.85754396268292,[417.24264526 -48.86999893],[405.80099487 -48.87001038],[394.55780029 -48.87000275],[383.70025635 -48.86938858]
583,11.422424316411982,11.228240966799467,10.8440246755952,[418.7479248  -48.86999893],[407.32550049 -48.87001038],[396.09725952 -48.87000275],[385.25323486 -48.86938858]
584,11.403900146490118,11.214843750002595,10.833587662206119,[420.25506592 -48.86999893],[408.85116577 -48.87001038],[397.63632202 -48.87000275],[386.80273438 -48.8694191 ]
585,11.386108398443252,11.202484130861974,10.826354995996018,[421.76397705 -48.86999893],[410.37786865 -48.87001038],[399.17538452 -48.87000275],[388.34902954 -48.86942291]
586,11.368865966802636,11.191131591799476,10.822082535064649,[423.27456665 -48.86999893],[411.90570068 -48.87001038],[400.71456909 -48.87000275],[389.89248657 -48.86942291]
587,11.352233886724518,11.180480957033852,10.820434585848265,[424.78674316 -48.86999893],[413.43450928 -48.87001038],[402.25402832 -48.87000275],[391.43359375 -48.86942291]
588,11.336212158208902,11.170776367190106,10.820861831941402,[426.30050659 -48.86999893],[414.96429443 -48.87001038],[403.79351807 -48.87000275],[392.97265625 -48.86942291]
589,11.320709228624244,11.161712646486983,10.823242202828041,[427.81576538 -48.86996078],[416.49505615 -48.87001038],[405.33334351 -48.87000275],[394.51010132 -48.86942673]
590,11.305755615343138,11.153228759768234,10.827240003032035,[429.3324585  -48.86996078],[418.02670288 -48.87001038],[406.87347412 -48.87000275],[396.04623413 -48.86947632]
591,11.291290283312026,11.145294189455736,10.832550061619513,[430.85049438 -48.86996078],[419.5592041  -48.87001038],[408.41390991 -48.87000275],[397.58135986 -48.86947632]
592,11.277313232530911,11.137817382815113,10.839050305567866,[432.36984253 -48.86996078],[421.0925293  -48.87001038],[409.95471191 -48.87000275],[399.11566162 -48.86948013]
593,11.263854980577916,11.130676269533865,10.846496594621716,[433.89047241 -48.86996078],[422.62661743 -48.87001038],[411.49594116 -48.87000275],[400.64944458 -48.86948013]
594,11.250762939598633,11.123931884768242,10.85452271765928,[435.41226196 -48.86995316],[424.16149902 -48.87001038],[413.03756714 -48.87000275],[402.18304443 -48.86948013]
595,11.23806762711887,11.11749267578714,10.863006604368206,[436.93521118 -48.86995316],[425.69714355 -48.87001419],[414.57965088 -48.87000275],[403.71664429 -48.86948013]
596,11.225830078290924,11.111267089849644,10.871978772510621,[438.45928955 -48.86995316],[427.23345947 -48.87001419],[416.12219238 -48.87000275],[405.25021362 -48.86947632]
597,11.2139892579786,11.105194091802773,10.88104249320313,[439.98440552 -48.86995316],[428.77041626 -48.87001419],[417.66522217 -48.87000275],[406.78417969 -48.86947632]
598,11.20251464860377,11.0993652343809,10.890167249051835,[441.5105896  -48.86995316],[430.30807495 -48.87001419],[419.20870972 -48.87000275],[408.31854248 -48.86947632]
599,11.191406250166436,11.093627929693403,10.899139417010112,[443.03768921 -48.86995316],[431.84628296 -48.87001419],[420.75265503 -48.87000275],[409.85351562 -48.86947632]
600,11.18063354508847,11.088073730474656,10.907867443617953,[444.56573486 -48.86995316],[433.38510132 -48.87001419],[422.29702759 -48.87000275],[411.38916016 -48.86949158]
601,11.170196533369877,11.082580566412158,10.91629029499325,[446.09463501 -48.86995316],[434.92443848 -48.87001419],[423.84185791 -48.87000275],[412.92556763 -48.86949539]
602,11.160095215010653,11.077148437505912,10.924346935609554,[447.62438965 -48.86995316],[436.46429443 -48.87001419],[425.387146   -48.87000275],[414.46279907 -48.86949539]
603,11.150360107588924,11.07174682617779,10.931915292947739,[449.15499878 -48.86995316],[438.00463867 -48.87001419],[426.93289185 -48.87000275],[416.00097656 -48.86954117]
604,11.140899658370316,11.066467285162167,10.938964853488335,[450.68637085 -48.86995316],[439.54547119 -48.87001419],[428.47900391 -48.87000275],[417.54003906 -48.86954117]
605,11.131713867354827,11.06115722656842,10.945465097462971,[452.21841431 -48.86995316],[441.08670044 -48.87001419],[430.02554321 -48.87000275],[419.08007812 -48.86954498]
606,11.12286376969871,11.055969238287172,10.95132447245785,[453.75125122 -48.86995316],[442.62838745 -48.87001419],[431.57241821 -48.87000275],[420.62109375 -48.86954498]
607,11.114196777511342,11.050781250005926,10.956726083781259,[455.28466797 -48.86995316],[444.17047119 -48.87001419],[433.11968994 -48.87000275],[422.16296387 -48.86954498]
608,11.105895996283087,11.045654296880928,10.96142579080841,[456.81881714 -48.86994934],[445.71292114 -48.87001419],[434.66726685 -48.87000275],[423.70584106 -48.86954498]
609,11.097839355658223,11.040588378912181,10.965454111277309,[458.35354614 -48.86994934],[447.25570679 -48.87001419],[436.21511841 -48.87000275],[425.24966431 -48.86954117]
610,11.090087890814607,11.035522460943433,10.968811044868087,[459.88885498 -48.86994934],[448.79876709 -48.87001419],[437.76324463 -48.87000275],[426.79443359 -48.86954117]
611,11.082550048956804,11.03045654296875,10.971618662053102,[461.42468262 -48.86994934],[450.34213257 -48.87000275],[439.31167603 -48.87000275],[428.34005737 -48.86954117]
612,11.07522583020689,11.025543212890625,10.973846445254255,[462.96112061 -48.86994934],[451.88589478 -48.87000275],[440.86035156 -48.87000275],[429.88650513 -48.86954117]
613,11.068176269547685,11.02069091796875,10.97543335822483,[464.49804688 -48.86998367],[453.42987061 -48.87000275],[442.40917969 -48.87000275],[431.43374634 -48.86956787]
614,11.061370849625819,11.015777587890625,10.976531990736852,[466.03543091 -48.86998367],[454.97406006 -48.87000275],[443.95828247 -48.87000275],[432.98175049 -48.8695755 ]
615,11.05465698243833,11.0111083984375,10.977050789564585,[467.57324219 -48.86998367],[456.51858521 -48.87000275],[445.50747681 -48.87000275],[434.53042603 -48.8695755 ]
616,11.048309326188338,11.006439208984375,10.97698975440838,[469.11154175 -48.86998367],[458.06323242 -48.87000275],[447.05679321 -48.87000275],[436.07980347 -48.8695755 ]
617,11.042114257828974,11.00177001953125,10.976623543471158,[470.65026855 -48.86998367],[459.6081543  -48.87000275],[448.60638428 -48.87000275],[437.62976074 -48.8695755 ]
618,11.036163330094608,10.9971923828125,10.975738533706203,[472.18936157 -48.86998367],[461.15319824 -48.87000275],[450.15600586 -48.87000275],[439.18026733 -48.8695755 ]
619,11.030303955094617,10.992889404296875,10.97439576026972,[473.7288208  -48.86998367],[462.69851685 -48.87000275],[451.70562744 -48.87000275],[440.73123169 -48.8695755 ]
620,11.02484130859639,10.98855590823557,10.97259522160806,[475.26864624 -48.86998367],[464.24380493 -48.86997604],[453.25524902 -48.87000275],[442.28265381 -48.86961746]
621,11.019378662112016,10.984222412141833,10.970825201944598,[476.80886841 -48.86998367],[465.78948975 -48.86997604],[454.80526733 -48.87000275],[443.83444214 -48.86962128]
622,11.014190673830768,10.97991943362622,10.968688971477139,[478.34936523 -48.86998367],[467.33517456 -48.86997604],[456.35525513 -48.87000275],[445.38656616 -48.86962128]
623,11.009246826174518,10.975616455110607,10.966369635278303,[479.89013672 -48.86998367],[468.88088989 -48.86997604],[457.90527344 -48.87000275],[446.93890381 -48.86962891]
624,11.004272460940145,10.971679687532495,10.96362305324865,[481.43121338 -48.86998367],[470.42694092 -48.86997604],[459.45526123 -48.87000275],[448.49163818 -48.86962891]
625,10.999572753908897,10.967773437532506,10.960876471218997,[482.97259521 -48.86998367],[471.97302246 -48.86997604],[461.00524902 -48.87000275],[450.04437256 -48.86962891]
626,10.995117187502647,10.963867187532518,10.95785523098638,[484.51425171 -48.86998367],[473.51913452 -48.86997604],[462.55526733 -48.87000275],[451.59741211 -48.86962891]
627,10.990814208987024,10.959960937532529,10.954711920441335,[486.05603027 -48.86998367],[475.06521606 -48.86997604],[464.10525513 -48.87000275],[453.15054321 -48.86962891]
628,10.986602783205774,10.95642089847004,10.951507574740075,[487.59820557 -48.86998367],[476.61160278 -48.86997604],[465.65518188 -48.87000275],[454.70367432 -48.86962891]
629,10.982330322268275,10.953277587923175,10.948028570835854,[489.14041138 -48.86998367],[478.15808105 -48.86997604],[467.20480347 -48.87000275],[456.2567749  -48.86962891]
630,10.978424072268275,10.950164794954434,10.944488532038681,[490.6829834  -48.86998367],[479.70455933 -48.86997604],[468.75439453 -48.87000275],[457.80990601 -48.86962128]
631,10.974578857432483,10.947021484428836,10.940979010556438,[492.22561646 -48.86998367],[481.2510376  -48.86996841],[470.30401611 -48.87000275],[459.36303711 -48.86962128]
632,10.971069335948112,10.943908691460102,10.937438971496091,[493.76858521 -48.86998367],[482.79751587 -48.86996841],[471.85360718 -48.87000275],[460.91616821 -48.86962128]
633,10.967529296885614,10.940795898491368,10.934295659449928,[495.31155396 -48.86998367],[484.34402466 -48.86996841],[473.40322876 -48.87000275],[462.46893311 -48.86966705]
634,10.964294433705899,10.937805175835132,10.931030277181636,[496.85479736 -48.87001801],[485.89050293 -48.86996841],[474.95269775 -48.87000275],[464.02166748 -48.86971664]
635,10.96118164073718,10.93508911138202,10.927581790657605,[498.39816284 -48.87001801],[487.4369812  -48.86996841],[476.50189209 -48.87000275],[465.5743103  -48.86972427]
636,10.958038330208266,10.932342529350784,10.924438479919935,[499.9414978  -48.87002182],[488.98345947 -48.86996841],[478.05111694 -48.87000275],[467.12667847 -48.8697319 ]
637,10.955291748177048,10.929595947319548,10.921325686952143,[501.48522949 -48.87002182],[490.52993774 -48.86996841],[479.6003418  -48.87000275],[468.67901611 -48.8697319 ]
638,10.952514648567707,10.927001953178936,10.918487552187392,[503.02896118 -48.87002182],[492.07644653 -48.86996841],[481.14944458 -48.87000275],[470.23095703 -48.8697319 ]
639,10.949798584114614,10.924652099663321,10.91543579437583,[504.57272339 -48.87002182],[493.6229248  -48.86996841],[482.69827271 -48.87000275],[471.78283691 -48.8697319 ]
640,10.947174072395894,10.922302246147709,10.912689212345425,[506.11657715 -48.87002182],[495.16940308 -48.86996841],[484.24710083 -48.87000275],[473.33441162 -48.8697319 ]
641,10.944854736458423,10.919952392632096,10.910125735783716,[507.66073608 -48.87002182],[496.71588135 -48.86996841],[485.79592896 -48.87000275],[474.88580322 -48.8697319 ]
642,10.942504882942826,10.917877197319605,10.907501224065774,[509.2048645  -48.87002182],[498.26235962 -48.86996841],[487.34448242 -48.87000275],[476.4369812 -48.8697319]
643,10.94015502942723,10.91595458989774,10.905059817816527,[510.74902344 -48.87002182],[499.80886841 -48.86996841],[488.89291382 -48.87000275],[477.987854  -48.8697319]
644,10.937805175911631,10.91400146489775,10.902801517035973,[512.29315186 -48.87002182],[501.35534668 -48.86996841],[490.44134521 -48.87000275],[479.5385437 -48.8697319]
645,10.935455322396034,10.912109375054008,10.900787356880345,[513.83728027 -48.87002182],[502.90182495 -48.86996841],[491.98971558 -48.87000275],[481.08892822 -48.8697319 ]
646,10.933471679817933,10.910552978569642,10.898651126412256,[515.3817749  -48.87002182],[504.44830322 -48.86996841],[493.53775024 -48.87000275],[482.63909912 -48.8697319 ]
647,10.93154907239608,10.90896606450715,10.896728518990974,[516.92633057 -48.87002182],[505.99478149 -48.86996841],[495.08581543 -48.87000275],[484.18908691 -48.8697319 ]
648,10.929534912239856,10.907440185600906,10.895111087350848,[518.4708252  -48.87002182],[507.54129028 -48.86996841],[496.6338501  -48.87000275],[485.73873901 -48.8697319 ]
649,10.927612304837313,10.906127929754215,10.893402102976376,[520.01538086 -48.87002182],[509.08776855 -48.8699646 ],[498.18164062 -48.87000275],[487.28823853 -48.8697319 ]
650,10.925689697415464,10.904968261785472,10.891815188914368,[521.55993652 -48.87002182],[510.63424683 -48.8699646 ],[499.72927856 -48.87000275],[488.83746338 -48.8697319 ]
651,10.923706054837366,10.903778076238604,10.890502933055398,[523.10443115 -48.87002182],[512.1807251 -48.8699646],[501.27694702 -48.87000275],[490.38644409 -48.8697319 ]
652,10.921752929837393,10.902679443426111,10.889282229930776,[524.64898682 -48.87002182],[513.72723389 -48.8699646 ],[502.82455444 -48.87000275],[491.93527222 -48.8697319 ]
653,10.920043945462416,10.901611328191741,10.888061526806153,[526.19348145 -48.87002182],[515.2734375 -48.8699646],[504.37182617 -48.87000275],[493.48376465 -48.8697319 ]
654,10.918518066556187,10.900421142644875,10.886871341259646,[527.73803711 -48.87002182],[516.81951904 -48.8699646 ],[505.9190979  -48.87000275],[495.03222656 -48.8697319 ]
655,10.916992187649958,10.899230957098007,10.886108401806757,[529.28259277 -48.87002182],[518.36560059 -48.8699646 ],[507.46636963 -48.87000275],[496.58026123 -48.8697319 ]
656,10.915405273470162,10.89825439453125,10.88513183930706,[530.8270874  -48.87002945],[519.91168213 -48.87000275],[509.01342773 -48.87000275],[498.1282959 -48.8697319]
657,10.913818359407667,10.89752197265625,10.884338382276056,[532.37164307 -48.87002945],[521.45782471 -48.87000275],[510.56030273 -48.87000275],[499.67596436 -48.8697319 ]
658,10.91223144532917,10.896728515627672,10.883544925245051,[533.9161377  -48.87002945],[523.00390625 -48.87001038],[512.10717773 -48.87000275],[501.22363281 -48.8697319 ]
659,10.910827636735421,10.895812988283922,10.883117679151434,[535.46069336 -48.87002945],[524.54986572 -48.87001038],[513.65405273 -48.87000275],[502.77093506 -48.8697319 ]
660,10.909667968766673,10.894958496096422,10.882415774854776,[537.00524902 -48.87002945],[526.09558105 -48.87001038],[515.20062256 -48.87000275],[504.31820679 -48.8697319 ]
661,10.908447265641675,10.894226074221422,10.88189697602681,[538.54974365 -48.87002945],[527.64129639 -48.87001038],[516.74707031 -48.87000275],[505.86517334 -48.8697319 ]
662,10.907348632829176,10.893371582033922,10.881530765089424,[540.09429932 -48.87002945],[529.18695068 -48.87001038],[518.2935791  -48.87000275],[507.41204834 -48.8697319 ]
663,10.906127929704178,10.892700195315172,10.881134036573922,[541.63879395 -48.87002945],[530.73266602 -48.87001038],[519.83996582 -48.87000275],[508.95883179 -48.8697319 ]
664,10.90496826173543,10.892272949221422,10.880798343214652,[543.18334961 -48.87002945],[532.27838135 -48.87001038],[521.3861084  -48.87000275],[510.50531006 -48.8697319 ]
665,10.904235839844418,10.891479492190172,10.880432132277265,[544.72790527 -48.87001419],[533.82366943 -48.87001038],[522.93218994 -48.87000275],[512.05175781 -48.8697319 ]
666,10.903076171875668,10.890747070315172,10.880249026808572,[546.27209473 -48.87001419],[535.36901855 -48.87001038],[524.47827148 -48.87000275],[513.59802246 -48.8697319 ]
667,10.901916503906918,10.890136718752672,10.88006592133988,[547.81622314 -48.87001419],[536.91430664 -48.87001038],[526.02416992 -48.87000275],[515.144104  -48.8697319]
668,10.900695800781918,10.889770507815173,10.879699710402493,[549.36035156 -48.87001419],[538.45965576 -48.87001038],[527.56988525 -48.87000275],[516.69018555 -48.8697319 ]
669,10.899658203125668,10.889282226565173,10.879699710595096,[550.90454102 -48.87001419],[540.00488281 -48.87001038],[529.11560059 -48.87000275],[518.23590088 -48.86972427]
670,10.898864746094418,10.888549804690173,10.879638675438866,[552.44866943 -48.87001419],[541.54980469 -48.87001038],[530.66125488 -48.87000275],[519.78161621 -48.86972427]
671,10.898071289063168,10.888122558596423,10.879272464501486,[553.99279785 -48.87001419],[543.09472656 -48.87001038],[532.206604   -48.87000275],[521.32733154 -48.86972427]
672,10.897277832127397,10.887695312502673,10.879211428352097,[555.53692627 -48.8699646 ],[544.63964844 -48.87001038],[533.75195312 -48.87000275],[522.8727417  -48.86976624]
673,10.896484375096154,10.887329101565173,10.879211428269835,[557.08105469 -48.8699646 ],[546.18457031 -48.87001038],[535.29724121 -48.87000275],[524.41802979 -48.86977005]
674,10.895629882925356,10.886718750002673,10.879150393113598,[558.62481689 -48.86996078],[547.72918701 -48.87001038],[536.84246826 -48.87000275],[525.96331787 -48.86977005]
675,10.894897461050364,10.886291503908923,10.87896728764489,[560.1685791  -48.86996078],[549.27368164 -48.87001038],[538.38739014 -48.87000275],[527.50842285 -48.86977005]
676,10.894104004019121,10.885925292971423,10.87896728764489,[561.71234131 -48.86996078],[550.8182373  -48.87001038],[539.93231201 -48.87000275],[529.05334473 -48.86977005]
677,10.893371582144129,10.885498046877673,10.87896728764489,[563.25610352 -48.86996078],[552.36273193 -48.87001038],[541.47723389 -48.87000275],[530.5982666  -48.86977005]
678,10.892761230581636,10.885131835940173,10.878784182176183,[564.79980469 -48.86996078],[553.90704346 -48.87001038],[543.02191162 -48.87000275],[532.14312744 -48.86977005]
679,10.89239501964414,10.884765625002673,10.878784182176183,[566.34356689 -48.86996078],[555.45117188 -48.87001038],[544.56640625 -48.87000275],[533.68762207 -48.86977005]
680,10.891601562612898,10.884399414065173,10.878784182176183,[567.88696289 -48.86996078],[556.99536133 -48.87001038],[546.11096191 -48.87000275],[535.23217773 -48.86977005]
681,10.890808105581655,10.884033203127673,10.878723147019945,[569.43029785 -48.86996078],[558.53948975 -48.87001038],[547.65545654 -48.87000275],[536.7767334  -48.86977005]
682,10.890197754019162,10.883850097658923,10.878601076707474,[570.97363281 -48.86996078],[560.08343506 -48.87001038],[549.19958496 -48.87000275],[538.32098389 -48.86977005]
683,10.889831543081666,10.883483886721423,10.8786010760975,[572.51702881 -48.86996078],[561.62719727 -48.87001038],[550.74371338 -48.87000275],[539.8651123  -48.86980057]
684,10.88946533214417,10.882995605471423,10.8786621104993,[574.06036377 -48.86996078],[563.17089844 -48.87001038],[552.28790283 -48.87000275],[541.40924072 -48.86984634]
685,10.888793945425427,10.882873535158923,10.878479004923555,[575.60345459 -48.86996078],[564.71466064 -48.87001038],[553.83178711 -48.87000275],[542.95330811 -48.86985397]
686,10.888244629019182,10.88262939453125,10.878479004976393,[577.14642334 -48.86996078],[566.25817871 -48.87001038],[555.37554932 -48.87001038],[544.49707031 -48.86985779]
687,10.887817382925437,10.88226318359375,10.878479004976393,[578.68939209 -48.86996078],[567.80157471 -48.87001038],[556.91931152 -48.87001038],[546.04083252 -48.86985779]
688,10.887451172025365,10.88189697265625,10.878479004976393,[580.23236084 -48.86995316],[569.34490967 -48.87001038],[558.4630127  -48.87001038],[547.58453369 -48.86985779]
689,10.88708496108787,10.88189697265625,10.87829589950766,[581.77532959 -48.86995316],[570.88824463 -48.87001038],[560.00634766 -48.87001038],[549.12805176 -48.86985779]
690,10.886596679837877,10.881591796875,10.87829589950766,[583.31793213 -48.86995316],[572.43133545 -48.87001038],[561.54974365 -48.87001038],[550.67144775 -48.86985779]
691,10.886230468900381,10.8812255859375,10.87829589950766,[584.86053467 -48.86995316],[573.9743042  -48.87001038],[563.09307861 -48.87001038],[552.21478271 -48.86985779]
692,10.885864257893374,10.881103515625,10.878051758882686,[586.40313721 -48.86996841],[575.51727295 -48.87001038],[564.63616943 -48.87001038],[553.75811768 -48.86985779]
693,10.885437011772892,10.881103515625,10.878051758882686,[587.94567871 -48.86997604],[577.0602417  -48.87001038],[566.17913818 -48.87001038],[555.30108643 -48.86985779]
694,10.885192871147893,10.88079833984375,10.878051758882686,[589.48809814 -48.86997604],[578.60290527 -48.87001038],[567.72210693 -48.87001038],[556.84405518 -48.86985779]
695,10.884765625054145,10.88043212890625,10.878051758882686,[591.03027344 -48.86997604],[580.14550781 -48.87001038],[569.26507568 -48.87001038],[558.38702393 -48.86985779]
696,10.884460449272897,10.88043212890625,10.877868653413953,[592.57250977 -48.86997604],[581.68804932 -48.87001038],[570.80761719 -48.87001038],[559.92974854 -48.86985779]
697,10.884033203179149,10.88043212890625,10.877868653413953,[594.11468506 -48.86997604],[583.23065186 -48.87001038],[572.35021973 -48.87001038],[561.47235107 -48.86985779]
698,10.884033203179149,10.8800048828125,10.877929688570198,[595.65686035 -48.86997604],[584.77282715 -48.87001038],[573.89282227 -48.87001038],[563.01489258 -48.86985779]
699,10.883666992254351,10.879882812500668,10.877685547945221,[597.19866943 -48.86997604],[586.31500244 -48.87001419],[575.43511963 -48.87001038],[564.55743408 -48.86985779]
700,10.883239746110464,10.879882812500668,10.877746583101466,[598.74047852 -48.86999512],[587.85723877 -48.87001419],[576.97735596 -48.87001038],[566.09960938 -48.86985779]
701,10.882873535172964,10.879821777344418,10.87768554789238,[600.28222656 -48.86999512],[589.39935303 -48.87001419],[578.51953125 -48.87001038],[567.6418457 -48.8698616]
702,10.882934570329214,10.879394531250668,10.87768554789238,[601.82403564 -48.86999512],[590.94110107 -48.87001419],[580.06170654 -48.87001038],[569.184021  -48.8698616]
703,10.882690429704214,10.879394531250668,10.87756347757989,[603.36560059 -48.86999512],[592.48291016 -48.87001419],[581.60351562 -48.87001038],[570.72595215 -48.8698616 ]
704,10.882263183610466,10.879394531250668,10.87756347757989,[604.90698242 -48.86999512],[594.02471924 -48.87001419],[583.14532471 -48.87001038],[572.26776123 -48.8698616 ]
705,10.882019042985466,10.879272460938168,10.877502442423646,[606.44836426 -48.86999512],[595.56634521 -48.87001419],[584.68707275 -48.87001038],[573.80957031 -48.8698616 ]
706,10.882019042985466,10.87902832031317,10.877441407267401,[607.98980713 -48.86999512],[597.10778809 -48.87001419],[586.22875977 -48.87001038],[575.35131836 -48.8698616 ]
707,10.881774902360466,10.87902832031317,10.877441407267401,[609.53094482 -48.86999512],[598.64916992 -48.87001419],[587.7701416  -48.87001038],[576.8927002 -48.8698616]
708,10.881408691422967,10.87902832031317,10.877380372111158,[611.07196045 -48.86999512],[600.19055176 -48.87001419],[589.31152344 -48.87001038],[578.43414307 -48.8698616 ]
709,10.881286621110467,10.87872314453192,10.877441407267401,[612.61297607 -48.86999512],[601.73168945 -48.87001419],[590.85296631 -48.87001038],[579.9755249 -48.8698616]
710,10.881286621110467,10.87872314453192,10.877258301798669,[614.1539917  -48.86999512],[603.27270508 -48.87001419],[592.39398193 -48.87001038],[581.51672363 -48.8698616 ]
711,10.881103515641717,10.87872314454195,10.877258301648164,[615.69482422 -48.86999512],[604.8137207  -48.87001419],[593.93499756 -48.86999893],[583.05773926 -48.8698616 ]
712,10.880737304704217,10.87872314472454,10.877258301135106,[617.23547363 -48.86999512],[606.35473633 -48.87001419],[595.47601318 -48.86994934],[584.59875488 -48.8698616 ]
713,10.880676269547967,10.878417968943296,10.877197265978857,[618.77606201 -48.86999512],[607.89538574 -48.87001419],[597.01696777 -48.86994934],[586.13977051 -48.8698616 ]
714,10.880676269547967,10.878479004122955,10.877197265948757,[620.31671143 -48.86999512],[609.43603516 -48.87001419],[598.55755615 -48.86994553],[587.68035889 -48.8698616 ]
715,10.880432128922967,10.878479004122955,10.877197265948757,[621.8571167  -48.86999512],[610.97668457 -48.87001419],[600.09820557 -48.86994553],[589.2210083 -48.8698616]
716,10.880126953141719,10.878417968966705,10.877136230792509,[623.39733887 -48.86999512],[612.51721191 -48.87001419],[601.63879395 -48.86994553],[590.76165771 -48.8698616 ]
717,10.880187988297969,10.878234863497958,10.877136230792509,[624.93762207 -48.86999512],[614.05743408 -48.87001419],[603.17919922 -48.86994553],[592.30206299 -48.8698616 ]
718,10.880187988297969,10.878234863497958,10.877136230792509,[626.47784424 -48.86999512],[615.59765625 -48.87001419],[604.71942139 -48.86994553],[593.84228516 -48.8698616 ]
719,10.879943847672969,10.878295898654208,10.877136230792509,[628.0178833  -48.86999512],[617.13793945 -48.87001419],[606.25964355 -48.86994553],[595.38250732 -48.8698616 ]
720,10.8797607421982,10.878051757866679,10.877136230792509,[629.55773926 -48.86999512],[618.67797852 -48.86997986],[607.79992676 -48.86994553],[596.92279053 -48.8698616 ]
721,10.87969970704195,10.878112793022927,10.87707519563626,[631.09753418 -48.86999512],[620.21783447 -48.86997986],[609.33972168 -48.86994553],[598.46264648 -48.8698616 ]
722,10.87969970704195,10.878112793022927,10.87707519563626,[632.63739014 -48.86999512],[621.75769043 -48.86997986],[610.87957764 -48.86994553],[600.00250244 -48.8698616 ]
723,10.87945556641695,10.878112793035637,10.877075195607496,[634.17700195 -48.86999512],[623.29754639 -48.86997986],[612.41943359 -48.86994171],[601.5423584 -48.8698616]
724,10.879394531363024,10.877929687566887,10.877136230763744,[635.7164917  -48.87002945],[624.83709717 -48.86997986],[613.95916748 -48.86994171],[603.08203125 -48.8698616 ]
725,10.879394531363024,10.877929687566887,10.877075195607496,[637.25592041 -48.87002945],[626.37652588 -48.86997986],[615.49859619 -48.86994171],[604.621521  -48.8698616]
726,10.879333496224833,10.877929687554179,10.877136230792509,[638.79534912 -48.87003326],[627.91601562 -48.86997986],[617.03808594 -48.86994553],[606.16094971 -48.8698616 ]
727,10.879150390756084,10.877929687510703,10.877075196131933,[640.33459473 -48.87003326],[629.45544434 -48.86997986],[618.57751465 -48.86999512],[607.70043945 -48.8698616 ]
728,10.87908935561923,10.877807617204223,10.877136231335673,[641.87365723 -48.87003326],[630.99456787 -48.86997604],[620.11676025 -48.86999512],[609.23962402 -48.86985779]
729,10.87908935561923,10.87780761721158,10.877136231384505,[643.41271973 -48.87003326],[632.53363037 -48.86997604],[621.65582275 -48.86999893],[610.77868652 -48.86985779]
730,10.87908935561923,10.87780761721158,10.877136231384505,[644.95178223 -48.87003326],[634.07269287 -48.86997604],[623.19488525 -48.86999893],[612.31774902 -48.86985779]
731,10.878906250150482,10.87774658205533,10.877136231384505,[646.49060059 -48.87003326],[635.61169434 -48.86997604],[624.73394775 -48.86999893],[613.85681152 -48.86985779]
732,10.878845214994234,10.87774658205533,10.87719726654075,[648.02923584 -48.87003326],[637.15039062 -48.86997604],[626.27264404 -48.86999893],[615.39544678 -48.86985779]
733,10.878906250150482,10.87768554689908,10.87719726654075,[649.56793213 -48.87003326],[638.68902588 -48.86997604],[627.81134033 -48.86999893],[616.93414307 -48.86985779]
734,10.878845214994234,10.87774658205533,10.87719726654075,[651.10656738 -48.87003326],[640.22772217 -48.86997604],[629.34997559 -48.86999893],[618.47277832 -48.86985779]
735,10.878662109525486,10.87774658205533,10.87719726654075,[652.6449585  -48.87003326],[641.76629639 -48.86997604],[630.8885498  -48.86999893],[620.01135254 -48.86985779]
736,10.878723144681736,10.87768554689908,10.877258301696994,[654.18328857 -48.87003326],[643.30456543 -48.86997604],[632.42687988 -48.86999893],[621.54962158 -48.86985779]
737,10.878723144681736,10.87768554689908,10.877258301696994,[655.72155762 -48.87003326],[644.84283447 -48.86997604],[633.96514893 -48.86999893],[623.08789062 -48.86985779]
738,10.878723144681736,10.87768554689908,10.87719726654075,[657.25982666 -48.87003326],[646.38110352 -48.86997604],[635.50341797 -48.86999893],[624.6262207  -48.86985779]
739,10.878845214994234,10.87768554689908,10.877258301696994,[658.7980957  -48.87003326],[647.91925049 -48.86997604],[637.04156494 -48.86999893],[626.16430664 -48.86985779]
740,10.87921142595246,10.87768554689908,10.877319336853239,[660.33636475 -48.87003708],[649.45715332 -48.86997604],[638.57946777 -48.86999893],[627.70214844 -48.86985779]
