,c0_c1,c1_c2,c2_c3,p1,p2,p3,p4,v1,v2,v3,v4
0,24.788177490234375,24.788192749023438,24.788192749023438,[-100.          -48.86999893],[-124.78817749  -48.86999893],[-149.57637024  -48.86999893],[-174.36456299  -48.86999893],0.0,0.0,0.0,0.0
1,24.788177490234375,24.788192749023438,24.788192749023438,[-100.          -48.86999893],[-124.78817749  -48.86999893],[-149.57637024  -48.86999893],[-174.36456299  -48.86999893],0.0,0.0,0.0,0.0
2,24.788177490234375,24.788192749023438,24.788192749023438,[-100.          -48.86999893],[-124.78817749  -48.86999893],[-149.57637024  -48.86999893],[-174.36456299  -48.86999893],0.0,0.0,0.0,0.0
3,24.790130615234375,24.788177490234375,24.788192749023438,[-99.99635315 -48.86999893],[-124.78648376  -48.86999893],[-149.57466125  -48.86999893],[-174.362854    -48.86999893],0.09550646767510092,0.047724325101396514,0.04772420961726297,0.047724164916357406
4,24.809249877948456,24.7876358036245,24.787292481037035,[-99.95761871 -48.86987686],[-124.76686859  -48.86990738],[-149.55450439  -48.87004852],[-174.34179688  -48.86988068],0.6344096147787697,0.378354844831206,0.35565620004421683,0.3953484883407062
5,24.89084625332566,24.78583526678963,24.78808593998441,[-99.87469482 -48.87005615],[-124.76554108  -48.86984634],[-149.55137634  -48.87002945],[-174.33946228  -48.8696785 ],0.9771261277643981,2.8015085662371756e-05,3.4882019737531185e-05,3.231657415990776e-05
6,24.989250183154674,24.78484344555813,24.797149660686625,[-99.76821899 -48.86988831],[-124.75746918  -48.86983871],[-149.54231262  -48.87002945],[-174.33946228  -48.8696785 ],1.1549958715889934,0.14755287444015378,0.24237450201789212,9.109716980767634e-06
7,25.09308624276973,24.81266784705972,24.79519653568682,[-99.63518524 -48.86982346],[-124.72827148  -48.86989212],[-149.54093933  -48.87002945],[-174.33613586  -48.8696785 ],1.4964319537163493,0.382224621327869,8.992343226981951e-06,0.08777414356135431
8,25.21367645301071,24.86033630371357,24.79115295697806,[-99.46208954 -48.86988068],[-124.67576599  -48.87001801],[-149.53610229  -48.87002945],[-174.32725525  -48.86965179],1.8566167310947361,0.6180738502034694,0.05590640774491656,0.18196985599803042
9,25.333366394252344,24.924804688622125,24.785827639203383,[-99.25876617 -48.86988068],[-124.59213257  -48.86977768],[-149.51693726  -48.87001419],[-174.30276489  -48.86966324],2.141087684251594,1.0014315464090113,0.27920763027731454,0.30655935274470186
10,25.447608948440397,24.998184204195866,24.786361694350322,[-99.02732086 -48.86972046],[-124.47492981  -48.86990738],[-149.47311401  -48.86983871],[-174.25947571  -48.86981201],2.4428016868805393,1.2714885734667598,0.4844739100829653,0.5578426844134936
11,25.56380463459386,25.07729339600335,24.793838501446096,[-98.76364136 -48.86936951],[-124.32744598  -48.87001419],[-149.40473938  -48.86999512],[-174.19857788  -48.86984253],2.7707990968181186,1.60665719594996,0.7953574069374211,0.6462601899278155
12,25.675491363681303,25.167587282937784,24.814743041992482,[-98.46864319 -48.8689003 ],[-124.14413452  -48.87015533],[-149.3117218   -48.86978912],[-174.12646484  -48.86978531],3.0741923335910686,1.964675800702402,1.0341083094137018,0.7720359158337413
13,25.783577040759248,25.26811218704471,24.841354370140913,[-98.14409637 -48.86832809],[-123.92767334  -48.87030029],[-149.19578552  -48.86982727],[-174.03713989  -48.86979294],3.3736433217850994,2.2834050953483205,1.3135330989808902,0.9408690371385566
14,25.890579368912928,25.369628916279037,24.8794860839949,[-97.78945923 -48.86771393],[-123.68003845  -48.8704567 ],[-149.04966736  -48.86974335],[-173.92915344  -48.86976624],3.6790065973712633,2.601583055806978,1.625397141194668,1.1520432234054592
15,25.99842095015152,25.47045900489243,24.93054199349761,[-97.4056015  -48.86712646],[-123.40402222  -48.87062073],[-148.8744812   -48.86959839],[-173.80502319  -48.86985397],3.9638094489314057,2.8924229554978953,1.8998628899372427,1.2872964233427187
16,26.102798812818452,25.57558444869591,24.990112307483738,[-96.99347687 -48.86654282],[-123.09627533  -48.87082291],[-148.67185974  -48.8694458 ],[-173.66197205  -48.86981964],4.250201561666419,3.2312104967585316,2.179830180539462,1.5048650836940054
17,26.201416498744965,25.685318052584545,25.056411748534988,[-96.55281067 -48.86600113],[-122.75422668  -48.87103271],[-148.43954468  -48.86928558],[-173.49595642  -48.86980438],4.532191860723149,3.564482876276481,2.4784203846288504,1.7242521188343982
18,26.295776986439396,25.798599330036097,25.13186646531061,[-96.08447266 -48.86549759],[-122.38024902  -48.87120438],[-148.17884827  -48.86908722],[-173.31071472  -48.86980438],4.806607682034843,3.8795572494579367,2.7185708320138686,1.9025164985047847
19,26.38613204190535,25.916496395835985,25.21659852587343,[-95.58874512 -48.86505127],[-121.9748764   -48.87136459],[-147.89137268  -48.86888123],[-173.10797119  -48.86975479],5.08073741636747,4.194679586860387,3.0235427104817956,2.085868137908847
20,26.46601193512787,26.03227249566562,25.31431581843253,[-95.07236481 -48.86467361],[-121.53837585  -48.87152863],[-147.57064819  -48.86867142],[-172.88496399  -48.86973953],5.162348555072909,4.501628667367017,3.356444620407181,2.314412605366929
21,26.516083776266264,26.145561417906983,25.41938784706096,[-94.55651093 -48.86436462],[-121.07259369  -48.87169266],[-147.21815491  -48.86846161],[-172.63754272  -48.86968994],5.215997136552218,4.780304143652277,3.6636569075843832,2.5684282950559143
22,26.559090775166833,26.2541964087526,25.532516516629542,[-94.02152252 -48.86413574],[-120.58061218  -48.87182999],[-146.83480835  -48.86826706],[-172.36732483  -48.86964417],5.508047725290404,5.031165235569264,3.9785150283675033,2.7856536080121868
23,26.615578890728333,26.352302832922504,25.655532881387376,[-93.45198059 -48.86398315],[-120.06755829  -48.87195206],[-146.41986084  -48.86809921],[-172.07539368  -48.86960983],5.847900410837453,5.12364728595248,4.287572669733973,3.037376889747008
24,26.700043960947895,26.421272597849697,25.77975469306455,[-92.85422516 -48.86391449],[-119.55426788  -48.87203979],[-145.97554016  -48.86792755],[-171.7552948  -48.8696022],6.095802317439978,5.161899122774765,4.565424187344047,3.3310182180923618
25,26.78836947361176,26.484276171158506,25.901306213083696,[-92.23236084 -48.86392975],[-119.02072906  -48.87210846],[-145.50500488  -48.86778259],[-171.40631104  -48.86955643],6.3489271335707365,5.499721537611702,4.817322864715324,3.61202503410358
26,26.861420902033977,26.565086742887868,26.020629951050495,[-91.58245087 -48.86403275],[-118.44387054  -48.87214279],[-145.00895691  -48.86766052],[-171.02958679  -48.86954498],6.641972373933549,5.939604759417514,5.08437593507972,3.8940119781788547
27,26.92921564985591,26.66148416156613,26.12992866387157,[-90.90353394 -48.86421585],[-117.83274841  -48.87216187],[-144.49423218  -48.86756134],[-170.62416077  -48.86954117],6.922552192632067,6.212893013638005,5.121218722231761,4.183371072754679
28,27.00055039970017,26.779266759835465,26.21380623268242,[-90.19754028 -48.86448288],[-117.1980896   -48.87213135],[-143.97735596  -48.86748886],[-170.19116211  -48.86954117],7.191156275291616,6.45253994635479,5.232681285504639,4.441530232861285
29,27.069237733893743,26.899498384482122,26.3010559903725,[-89.4642334  -48.86480713],[-116.53347015  -48.87208557],[-143.43296814  -48.86745453],[-169.73402405  -48.86953354],7.4678827728813895,6.797187378855082,5.6229147911635975,4.678471092569358
30,27.129967587480316,27.011520769758597,26.407363973740747,[-88.70302582 -48.86520386],[-115.83299255  -48.87200165],[-142.84451294  -48.8674469 ],[-169.25187683  -48.86952972],7.745932957755351,7.142789454316033,6.051638132535917,4.946826459896161
31,27.187004804780806,27.118820550209247,26.52124031437387,[-87.91442108 -48.86565018],[-115.10142517  -48.87188721],[-142.22024536  -48.86746979],[-168.7414856   -48.86952972],8.01536609900593,7.437818174704648,6.373405485881928,5.201124668836118
32,27.24086056724312,27.2237399527278,26.66171272141592,[-87.09934998 -48.86612701],[-114.34020996  -48.87175751],[-141.56394958  -48.86752701],[-168.22566223  -48.86952591],8.276467856117836,7.74414983701977,6.714458058140869,5.18491745025105
33,27.288559418923462,27.32250242814993,26.829269476437076,[-86.25850677 -48.86661148],[-113.54706573  -48.87161636],[-140.86956787  -48.86762238],[-167.69883728  -48.86952209],8.531242860195384,8.06643694846399,7.113443969541794,5.402433395392663
34,27.33004795038031,27.413551577727144,27.000183163236496,[-85.39253998 -48.86709976],[-112.72258759  -48.87142944],[-140.13613892  -48.86774826],[-167.13632202  -48.86951447],8.778855721491384,8.37073346530108,7.488712955826177,5.839944363166973
35,27.366371397267258,27.49829884713856,27.161972093602323,[-84.50218201 -48.86759186],[-111.86855316  -48.87123489],[-139.36685181  -48.86790085],[-166.52882385  -48.86951065],9.018773319121484,8.664429845704861,7.844903683113141,6.269361021564488
36,27.396774458158774,27.57614914775441,27.32066348999981,[-83.58824921 -48.86804581],[-110.9850235   -48.87106323],[-138.56117249  -48.86808395],[-165.88183594  -48.86952209],9.251632709085985,8.960128942471217,8.216408028842233,6.6582465225227105
37,27.420868029287043,27.64590466704493,27.475112945652246,[-82.65136719 -48.86846161],[-110.07223511  -48.87091064],[-137.71813965  -48.86827087],[-165.19325256  -48.86956787],9.477593258562313,9.248520048195262,8.58566787757315,7.1026172708217405
38,27.43909461054681,27.70782480093655,27.61900331898002,[-81.69223785 -48.86884689],[-109.1313324   -48.87076569],[-136.8391571  -48.8684845],[-164.4581604   -48.86961365],9.696498537318677,9.525512840027247,8.939947411827525,7.5667033238619235
39,27.451561010996837,27.76194006691824,27.753173843733357,[-80.71157837 -48.86919022],[-108.16313934  -48.8706131 ],[-135.92507935  -48.86872101],[-163.67825317  -48.86965179],9.908522106045934,9.796346796002076,9.29090430453922,8.002630237592792
40,27.45816041802898,27.807815594887405,27.87892151986419,[-79.71005249 -48.86948013],[-107.16821289  -48.87046432],[-134.97602844  -48.86891556],[-162.85494995  -48.86970139],10.113878570344822,10.06037627062755,9.638545242933585,8.443105702223242
41,27.45912933945801,27.845367457076485,27.99374390297286,[-78.6883316  -48.86973953],[-106.14746094  -48.87031174],[-133.99282837  -48.86912155],[-161.98657227  -48.86972427],10.312636674814794,10.31451234825898,9.975062563938472,8.896073344362442
42,27.454765320314234,27.87476350140305,28.096832279057757,[-77.64707947 -48.86999512],[-105.10184479  -48.87015915],[-132.97660828  -48.86931992],[-161.07344055  -48.86977386],10.504909764996997,10.559772568717943,10.302068855642256,9.335364347372183
43,27.44525909475153,27.895950322791276,28.188980104274616,[-76.58690643 -48.87021255],[-104.03216553  -48.87004471],[-131.92811584  -48.86949539],[-160.11709595  -48.8698082 ],10.69087810554543,10.797005710759272,10.621630799282,9.764676096732602
44,27.430816654469073,27.909004212931602,28.26937866254203,[-75.508461   -48.87041473],[-102.93927765  -48.86994171],[-130.84828186  -48.86965179],[-159.11766052  -48.8698082 ],10.870672375381735,11.02506737634913,10.93065082209028,10.195206644890963
45,27.411788950626512,27.91410064699377,28.33720397954251,[-74.41234589 -48.8705864 ],[-101.82413483  -48.86983871],[-129.73823547  -48.86980438],[-158.07543945  -48.86985779],11.044427026621792,11.243832623907686,11.228369805058964,10.616848950573603
46,27.388511676230095,27.911331177604765,28.392745971737344,[-73.29914093 -48.8707428 ],[-100.68765259  -48.86973572],[-128.59898376  -48.86995316],[-156.99172974  -48.86989594],11.212300378324858,11.45397284015862,11.516254495617583,11.0268421198869
47,27.361198451013255,27.901199343480485,28.435813904303963,[-72.16946411 -48.87086868],[-99.53066254 -48.86968231],[-127.43186188  -48.8700676 ],[-155.86767578  -48.86989975],11.374443104449222,11.655358327334703,11.787900973665842,11.419727327377457
48,27.330246004665863,27.88441467811301,28.467132569373817,[-71.02383423 -48.87097168],[-98.3540802  -48.86962891],[-126.23849487  -48.87017059],[-154.70562744  -48.86993027],11.531001122643518,11.847695360154514,12.044969594767421,11.789960864336267
49,27.295974771161372,27.86112213999802,28.487220766005503,[-69.86283875 -48.87105179],[-97.15881348 -48.86957932],[-125.01993561  -48.87027359],[-153.50715637  -48.86994934],11.682126063372163,12.029886250873854,12.293318772236816,12.148891451009872
50,27.25888829037802,27.83132935712267,28.496017458608012,[-68.68698883 -48.87111282],[-95.94587708 -48.86953354],[-123.77720642  -48.87033081],[-152.27322388  -48.86994934],11.827981004586416,12.203231813595792,12.52968121805276,12.495269777348023
51,27.219207812867815,27.79563142182579,28.493942263557432,[-67.49681854 -48.87116623],[-94.71602631 -48.86952972],[-122.51165771  -48.87038422],[-151.00559998  -48.86998367],11.96870804240113,12.369210243571295,12.752156265910878,12.822781565644048
52,27.177207997437186,27.754478469439317,28.481559756855464,[-66.29283905 -48.87118912],[-93.470047   -48.86952972],[-121.22452545  -48.87043762],[-149.70608521  -48.86999512],12.104110718649085,12.52726459525259,12.963714603754514,13.135049821379434
53,27.13311772722572,27.70812989883303,28.459198001977946,[-65.0756073  -48.87119675],[-92.20872498 -48.86952591],[-119.91685486  -48.87046814],[-148.37605286  -48.86999512],12.234047889823557,12.677380561892754,13.164212228076014,13.433961869870858
54,27.087181142840304,27.657058731870425,28.427116397978477,[-63.84562683 -48.87119675],[-90.93280792 -48.86952591],[-118.58986664  -48.87046814],[-147.01698303  -48.86999512],12.359395027176054,12.82024765014762,13.352039337453196,13.716764452133805
55,27.039707235460078,27.601768509865092,28.385734561495358,[-62.6033287  -48.87119675],[-89.64303589 -48.86952591],[-117.24480438  -48.87047195],[-145.63053894  -48.87003326],12.48038196588832,12.955986022996752,13.528224945291633,13.983064654000366
56,26.990928701854237,27.542655961071763,28.335472109605124,[-61.34915924 -48.87120056],[-88.34008789 -48.86952591],[-115.88274384  -48.87047195],[-144.21821594  -48.87008286],12.596862793774216,13.084706306629881,13.693425178585569,14.237066272029626
57,26.941066793991403,27.480178849292294,28.276496889780177,[-60.08356857 -48.87120056],[-87.02463531 -48.86952591],[-114.50481415  -48.87047195],[-142.78131104  -48.87009048],12.709093095746244,13.206817627336541,13.847327232379092,14.473347664678315
58,26.890407612518732,27.414741532436633,28.20989990492297,[-58.80695724 -48.87117004],[-85.69736481 -48.86952591],[-113.11210632  -48.87047195],[-141.32200623  -48.87009048],12.81729793861493,13.322584152913247,13.990531921388495,14.68830776297113
59,26.8391304496605,27.346786515519586,28.136428835491365,[-57.5197258  -48.87112808],[-84.3588562  -48.86952209],[-111.7056427   -48.87047195],[-139.84207153  -48.87009811],12.921519282023421,13.432215691729207,14.123775482179378,14.888460160062667
60,26.787441301120335,27.276680009214328,28.056503298389064,[-56.22227097 -48.87111664],[-83.00971222 -48.86952209],[-110.28639221  -48.87047195],[-138.34289551  -48.87009811],13.02187824408554,13.536025049179743,14.247219085708526,15.07374763533629
61,26.735565231517928,27.204811111854415,27.97083282720529,[-54.91496277 -48.87111664],[-81.65052795 -48.8695488 ],[-108.85533905  -48.87047195],[-136.82617188  -48.87009811],13.118543627105499,13.634292605151408,14.361189842268391,15.241544723938311
62,26.683639569126967,27.131561294487277,27.880149843814976,[-53.59818268 -48.87107468],[-80.2818222  -48.86956406],[-107.41338348  -48.87047195],[-135.29353333  -48.87009811],13.211619380419936,13.727265359798823,14.466217994782717,15.393747330110527
63,26.63185123763073,27.057273879978204,27.785072329175115,[-52.27226257 -48.87104797],[-78.90411377 -48.86956406],[-105.96138763  -48.87047195],[-133.74645996  -48.87009811],13.301217080803761,13.81521225159421,14.562678337262646,15.531629562769318
64,26.580329934546818,26.98233033653045,27.686203005505398,[-50.93755341 -48.87104797],[-77.5178833  -48.86959839],[-104.50021362  -48.87047577],[-132.18641663  -48.87009811],13.387457848945013,13.898406984918259,14.650928497581372,15.6545286182582
65,26.52919010287188,26.907051100606395,27.584259035788357,[-49.5943985  -48.87104797],[-76.12358856 -48.8696022 ],[-103.03063965  -48.87047577],[-130.61489868  -48.87009811],13.470463754911984,13.977083207304847,14.731448174031026,15.763094902455153
66,26.478580511662823,26.8317337178337,27.47983551284896,[-48.24309921 -48.87099838],[-74.72167969 -48.8696022 ],[-101.55341339  -48.87047577],[-129.0332489   -48.87009811],13.55033874802354,14.051486970481285,14.804687500705965,15.858488083325428
67,26.428600347756266,26.756675734475152,27.37350464127701,[-46.88396835 -48.87099075],[-73.31256866 -48.8696022 ],[-100.06924438  -48.87047577],[-127.44274902  -48.87009811],13.62718677618603,14.121861459616838,14.871049881965373,15.941057205667292
68,26.379344976130717,26.682159437756038,27.26589203142401,[-45.51729965 -48.87099075],[-71.89664459 -48.86961365],[-98.57880402 -48.87047577],[-125.84469604  -48.87009811],13.701117517049939,14.188428880947358,14.930986405743992,16.011320114633282
69,26.330890691329664,26.60842133952678,27.157546999696162,[-44.14338303 -48.87099075],[-70.47427368 -48.86961746],[-97.08269501 -48.87047577],[-124.240242    -48.87009811],13.772236826084171,14.251397134844456,14.98494434530117,16.070209503705453
70,26.2832985240576,26.535697948988833,27.048995974006196,[-42.76249313 -48.87094498],[-69.04579163 -48.86965561],[-95.58148956 -48.87045288],[-122.63048553  -48.87009811],13.840634348729491,14.310982706481246,15.033339502649424,16.118421555133516
71,26.236648590878676,26.46421052192108,26.940719606679778,[-41.37490082 -48.87093735],[-67.61154938 -48.86965561],[-94.07575989 -48.87044144],[-121.01647949  -48.87009811],13.906412125617297,14.367371559978208,15.076588632145246,16.156574249874364
72,26.190971405874684,26.394096386209885,26.83324432592682,[-39.98085785 -48.87093735],[-66.17182922 -48.86965561],[-92.5659256  -48.87044144],[-119.39916992  -48.87009811],13.969665528743048,14.420747758166529,15.115101815641136,16.185466767006087
73,26.1463203744341,26.325569164560648,26.726951601425274,[-38.580616   -48.87093735],[-64.72693634 -48.86965561],[-91.05250549 -48.87044144],[-117.77945709  -48.87009048],14.030479433028882,14.471309663176037,15.149271966656462,16.205858231282875
74,26.10273745674611,26.258728039102223,26.62224579088746,[-37.17440796 -48.87090683],[-63.27714539 -48.86965561],[-89.53587341 -48.87044144],[-116.1581192   -48.87009048],14.088942530211002,14.519231797752846,15.179471971443094,16.218421937055545
75,26.06023409967855,26.193737041029454,26.519493105009612,[-35.76247025 -48.87090302],[-61.82270432 -48.86965561],[-88.01644135 -48.87041473],[-114.53593445  -48.87009048],14.145146371333958,14.564676286555617,15.20606994843845,16.22388649095823
76,26.018821745483372,26.130676280010807,26.419029237783107,[-34.34502411 -48.87090302],[-60.36384583 -48.86967087],[-86.49452209 -48.87041092],[-112.91355133  -48.87009048],14.199169160907713,14.607789041742775,15.22940635794499,16.22296142700754
77,25.978515651741933,26.069629679478087,26.321151735348927,[-32.92228317 -48.87085724],[-58.9007988 -48.8696785],[-84.97042847 -48.87041092],[-111.2915802   -48.87009048],14.25109195966807,14.64872265030123,15.249809266427329,16.21631240980652
78,25.939315822507716,26.01067734795844,26.226104738285684,[-31.49445724 -48.87085342],[-57.43377304 -48.8696785 ],[-83.44445038 -48.87041092],[-109.67055511  -48.87009048],14.300992012821506,14.687608720567255,15.267593385204504,16.204595567277483
79,25.901216533606426,25.953857432209528,26.134124757823823,[-30.06174278 -48.87085342],[-55.96295929 -48.8696785 ],[-81.91681671 -48.87041092],[-108.05094147  -48.87009048],14.348937989486728,14.724561693274788,15.28304004825809,16.18844604651943
80,25.86422159769037,25.899211892748585,26.0454254170102,[-28.62433052 -48.87085342],[-54.48855209 -48.86972046],[-80.38776398 -48.87041092],[-106.43318939  -48.87009048],14.395007134977396,14.75969314801091,15.29642772855172,16.16844558886823
81,25.828329111152588,25.846736916384113,25.960128785798553,[-27.18240166 -48.87085342],[-53.01073074 -48.86972046],[-78.85746765 -48.8703804 ],[-104.81759644  -48.87009048],14.439266206716784,14.793117523782463,15.307998659353153,16.145170213613223
82,25.793516182454855,25.796463021136862,25.878372193570712,[-25.7361393  -48.87081909],[-51.52965546 -48.86972046],[-77.32611847 -48.8703804 ],[-103.20449066  -48.87013245],14.481786730371365,14.824932099205485,15.317982674596104,16.11916542246361
83,25.759769462639618,25.748352059238574,25.8002700817579,[-24.28571701 -48.87080765],[-50.04548645 -48.86972046],[-75.7938385 -48.8703804],[-101.59410858  -48.87013245],14.52263355377623,14.85522651750343,15.326601029669133,16.09091758763874
84,25.727075599753732,25.702388771900182,25.725891114439705,[-22.83129311 -48.87080765],[-48.55836868 -48.86972046],[-74.26075745 -48.8703804 ],[-99.98664856 -48.87013626],14.561877251988907,14.8840894706995,15.334033013667531,16.060907364249985
85,25.69541170512872,25.658550270938093,25.655281068056176,[-21.3730278  -48.87080765],[-47.06843948 -48.86972046],[-72.72698975 -48.8703804 ],[-98.38227081 -48.87013626],14.599575998099727,14.911600113780723,15.340458871317756,16.029571533334213
86,25.664760612304836,25.616798409379662,25.58845520135999,[-19.91106796 -48.87080002],[-45.57582855 -48.86972046],[-71.19262695 -48.8703804 ],[-96.78108215 -48.87013626],14.635790826980914,14.9378452310907,15.346044541974761,15.997314453173244
87,25.63508608026138,25.57709122555497,25.52540588495662,[-18.44556808 -48.87075043],[-44.08065414 -48.86972046],[-69.65774536 -48.8703804 ],[-95.18315125 -48.87013626],14.670578005110837,14.962883950427479,15.350927354728594,15.96450328827797
88,25.60638048336075,25.539360054049173,25.466110230356463,[-16.9766655  -48.87075043],[-42.58304596 -48.86972046],[-68.12240601 -48.87034607],[-93.58851624 -48.87013626],14.703994751462298,14.986783982663907,15.35523128723268,15.93147182464611
89,25.57861139463812,25.503566749616567,25.410514832409138,[-15.50449181 -48.87075043],[-41.08310318 -48.86972046],[-66.58666992 -48.87034607],[-91.99718475 -48.87013626],14.736088753604538,15.009608270305263,15.359074593392299,15.89852523804829
90,25.551759740607174,25.469631202751792,25.3585586556531,[-14.02917671 -48.87075043],[-39.58093643 -48.86972046],[-65.05056763 -48.87034607],[-90.40912628 -48.87013626],14.76691341495848,15.031415941162074,15.362545968135704,15.865938186684064
91,25.52579023440496,25.43750000714052,25.310161591445773,[-12.55085087 -48.87075043],[-38.07664108 -48.86974335],[-63.51414108 -48.87034607],[-88.82430267 -48.87013626],14.796518326959491,15.052256586303026,15.365740777084834,15.83394336708682
92,25.50068475774496,25.4070854256704,25.26523971644732,[-11.06962776 -48.87075043],[-36.5703125  -48.86975098],[-61.97739792 -48.87034607],[-87.24263763 -48.87013626],14.824947358668346,15.072179795553286,15.36874103652425,15.802756309653672
93,25.476414700085396,25.37832642299275,25.223667145647976,[ -9.58562374 -48.87075043],[-35.06203842 -48.86975098],[-60.44036484 -48.87034607],[-85.66403198 -48.87013626],14.852243425431631,15.091234208318385,15.37159538386469,15.772554397808777
94,25.452963846764067,25.351135260890857,25.185344696887345,[ -8.09895039 -48.87070084],[-33.55191422 -48.86975098],[-58.90304947 -48.87034607],[-84.08839417 -48.87014008],14.878457071989745,15.109459878250693,15.374365807921198,15.74330139192687
95,25.430289286090797,25.32546234830028,25.150146485218603,[ -6.60971165 -48.87069702],[-32.04000092 -48.86975098],[-57.36546326 -48.87034607],[-82.51560974 -48.87014008],14.903626442652893,15.126893044797812,15.37709713137662,15.715404511057043
96,25.40836526724612,25.301223761881197,25.11793899620601,[ -5.11801338 -48.87069702],[-30.52637863 -48.86975098],[-55.82760239 -48.87034607],[-80.94554138 -48.87014008],14.927788735446024,15.143682481230197,15.379817964458493,15.688941002739494
97,25.387170093997273,25.278345114336933,25.088562012332414,[ -3.62395167 -48.87069702],[-29.01112175 -48.86975098],[-54.28946686 -48.87031555],[-79.37802887 -48.87014008],14.950989724346547,15.159708024599944,15.382581712932028,15.663927079328722
98,25.366688984392365,25.25674248372709,25.061889649051817,[ -2.12762141 -48.87069702],[-27.49431038 -48.86975098],[-52.75105286 -48.87031555],[-77.8129425  -48.87014008],14.97326374187262,15.174921991165848,15.385403634037804,15.640274049225237
99,25.346893030178695,25.23635101949879,25.037780762333657,[ -0.62911254 -48.87069702],[-25.97600555 -48.86975098],[-51.21235657 -48.87031555],[-76.25013733 -48.87014008],14.994642259355908,15.189531328251475,15.388266564568315,15.618322374137977
100,25.327762738165745,25.217090611947963,25.016063690972008,[  0.87148678 -48.87067795],[-24.45627594 -48.86980057],[-49.67336655 -48.87031555],[-74.68943024 -48.87011719],15.015168192142143,15.203553201995197,15.391191483699759,15.598322870405392
101,25.309275642212068,25.19890404273789,24.996528626337067,[  2.37409306 -48.87067413],[-22.93518257 -48.86980057],[-48.13408661 -48.87031555],[-73.13061523 -48.87010956],15.034868241984121,15.216929436083518,15.394196511526037,15.579773904122954
102,25.291406407744944,25.181716924133486,24.979095459833754,[  3.87862563 -48.8706665 ],[-21.41278076 -48.86980438],[-46.59449768 -48.87031555],[-71.57359314 -48.87010956],15.053774835681125,15.22974586534354,15.397287370107447,15.562705041143275
103,25.274133218597644,25.165466313785274,24.963588715449514,[  5.38500738 -48.87062073],[-19.88912582 -48.86980438],[-45.05459213 -48.87031555],[-70.01818085 -48.87010956],15.071921350580283,15.242033005028226,15.400444032270686,15.547300339981469
104,25.257432473977456,25.150102620551138,24.949851990596468,[  6.8931613  -48.87062073],[-18.36427116 -48.86980438],[-43.51437378 -48.87031555],[-68.46422577 -48.87010956],15.089331627327343,15.253780365192341,15.403677942099508,15.533408166254532
105,25.241289151994927,25.135555272226007,24.937755585446208,[  8.40301704 -48.87062073],[-16.83827209 -48.86980438],[-41.97382736 -48.87030029],[-66.91158295 -48.87010956],15.106037140563467,15.265028000043463,15.406983377544147,15.520926476898092
106,25.22568131814079,25.121770863659354,24.927169800534408,[  9.91450691 -48.87062073],[-15.31117439 -48.86980438],[-40.43294525 -48.87030029],[-65.36011505 -48.87010956],15.122063637458146,15.275790214690705,15.410342217958885,15.509898187250045
107,25.2105913294402,25.108694081435342,24.917953491940928,[ 11.42756557 -48.87062073],[-13.78302574 -48.86980438],[-38.89171982 -48.87030029],[-63.80967331 -48.87010956],15.137438774873305,15.286090850982776,15.413752557584262,15.500254632744698
108,25.195998205058206,25.096282010209737,24.909957886472412,[ 12.94212532 -48.87062073],[-12.25387287 -48.86980438],[-37.35015488 -48.87030029],[-62.26011276 -48.87010956],15.152180672642764,15.295944214028141,15.417199136710437,15.491888048176987
109,25.18188287150849,25.084486011867266,24.903079987362297,[ 14.45812607 -48.87062073],[-10.72375679 -48.86980438],[-35.8082428  -48.87026215],[-60.71132278 -48.87006378],15.16632175568727,15.305359840567734,15.420672418764923,15.484754564526087
110,25.168231977350626,25.073261265165034,24.897212983412448,[ 15.97550964 -48.87062073],[ -9.19272232 -48.86980438],[-34.26598358 -48.87026215],[-59.16319656 -48.87001419],15.179881097493102,15.314363479808133,15.424150467501844,15.478520395771623
111,25.155025494933426,25.06256866873127,24.892257691702937,[ 17.49421692 -48.87060547],[ -7.66080856 -48.86980438],[-32.72337723 -48.87026215],[-57.61563492 -48.87001038],15.19287586420374,15.32297325156173,15.427627564197714,15.473490715341496
112,25.138501179699357,25.05236530722174,24.888067246835213,[ 19.01044464 -48.87059402],[ -6.12805653 -48.86980438],[-31.18042183 -48.87026215],[-56.06848907 -48.87000275],15.100429536655358,15.331194877873527,15.431097984946291,15.469820022810019
113,25.101392281554848,25.04208231390681,24.8845443739106,[ 20.50635147 -48.87059402],[ -4.5950408  -48.86980438],[-29.63712311 -48.87026215],[-54.52166748 -48.87000275],14.828199388190415,15.325519562053827,15.434542656535656,15.46691513065299
114,25.035085928972386,25.0289228004355,24.88154792920861,[ 21.97045517 -48.87059402],[ -3.06463075 -48.86980438],[-28.09355354 -48.87026215],[-52.97510147 -48.87000275],14.483302118215995,15.27850627932501,15.436201096183346,15.4647855758672
115,24.940169704540107,25.00850165309242,24.87853050367167,[ 23.39849854 -48.87059402],[ -1.54167116 -48.86980438],[-26.55017281 -48.87026215],[-51.42870331 -48.87000275],14.113889696125714,15.183691978850332,15.430162430457743,15.463355064439126
116,24.819658521085614,24.977794422306122,24.874330521982444,[ 24.78931427 -48.87059402],[-3.03442385e-02 -4.88698044e+01],[-25.00813866 -48.87026215],[-49.88246918 -48.87000275],13.740909578445919,15.050974846367957,15.409851074934986,15.46129894271627
117,24.677408111930582,24.934787873725664,24.867485047739653,[ 26.14311028 -48.87059402],[  1.46570218 -48.86980057],[-23.46908569 -48.87026215],[-48.33657074 -48.87000275],13.373411180782448,14.88095569670107,15.372222901188348,15.45649623900647
118,24.517972957801177,24.87754631470687,24.856544495982433,[ 27.46065903 -48.87055588],[  2.94268608 -48.86980057],[-21.93486023 -48.87026215],[-46.79140472 -48.87000275],13.015186312218814,14.674340248984151,15.31466293423772,15.446871757994359
119,24.345669756627423,24.804970745566568,24.839897157156283,[ 28.74297142 -48.87050629],[  4.39730167 -48.86980057],[-20.40766907 -48.87026215],[-45.24756622 -48.86999893],12.667685511353916,14.437810898899466,15.233333588631977,15.430247307541942
120,24.16430331307016,24.71687651111532,24.815876008475993,[ 29.99115372 -48.87050629],[  5.82685041 -48.86980057],[-18.89002609 -48.87026215],[-43.7059021  -48.86999893],12.331317902033266,14.175779343995256,15.126279832018065,15.403948785026767
121,23.977404604806985,24.61343670324159,24.783004762139953,[ 31.20631599 -48.87050629],[  7.2289114  -48.86980057],[-17.3845253  -48.87026215],[-42.16753006 -48.86999893],12.006060600944974,13.890827180616512,14.993089677089554,15.365237237524148
122,23.788144122101524,24.495222096023706,24.740006448238574,[ 32.38954926 -48.87050629],[  8.60140514 -48.86980057],[-15.89381695 -48.87026215],[-40.63382339 -48.86999893],11.691703796965577,13.587114336125952,14.832952500674612,15.311755182300708
123,23.599250803225623,24.363313678876324,24.685766221017087,[ 33.5419426  -48.87050247],[  9.9426918  -48.86982346],[-14.42062187 -48.87026215],[-39.10638809 -48.87004852],11.388162613501546,13.26855945828933,14.645658494422227,15.241244318539923
124,23.413239487731797,24.219054226011227,24.619434357583454,[ 34.6646843  -48.87046432],[ 11.25144482 -48.86982727],[-12.96760941 -48.87026215],[-37.58704376 -48.87005234],11.097548487112663,12.938047410582064,14.432112695256606,15.151516914917977
125,23.232285507996124,24.06418800746946,24.540471077862207,[ 35.75912857 -48.87045288],[ 12.52684307 -48.86982727],[-11.53734493 -48.87026215],[-36.07781601 -48.87005234],10.819468498540582,12.603868485484089,14.193383218412576,15.040802956312614
126,23.057451256552998,23.9008102456555,24.448625565443002,[ 36.82600403 -48.87044907],[ 13.76855278 -48.86982727],[-10.13225746 -48.87026215],[-34.58088303 -48.87005615],10.546059608641041,12.262045861606808,13.931331636153102,14.90775013033564
127,22.890408524169437,23.730032924822158,24.343967438615678,[ 37.86587524 -48.87044144],[ 14.97546673 -48.86982727],[ -8.75456619 -48.87026215],[-33.09853363 -48.87005615],10.27895164499323,11.910556794661643,13.647754670890535,14.75133895923474
128,22.732215889541514,23.553562645158408,24.226758480947776,[ 38.87940216 -48.87043762],[ 16.14718628 -48.86982727],[ -7.40637636 -48.87026215],[-31.63313484 -48.87005615],10.018656730662288,11.558115960842901,13.343450548029592,14.570961952734576
129,22.582674034634593,23.374279503099356,24.0974402436807,[ 39.86728287 -48.87043381],[ 17.28460884 -48.86982727],[ -6.08967066 -48.87026215],[-30.1871109  -48.87005234],9.765226364135774,11.21699905614868,13.02043342772493,14.366250992393889
130,22.442176827043987,23.194122795367107,23.956790448153836,[ 40.83018875 -48.87043381],[ 18.38801193 -48.86982727],[ -4.80611086 -48.87026215],[-28.76290131 -48.87005234],9.51851940158649,10.870718004365099,12.682753564799834,14.137125969708704
131,22.31231499532328,23.01348925047723,23.805528164834477,[ 41.76877975 -48.87042999],[ 19.45646477 -48.86982727],[ -3.55702448 -48.87026215],[-27.36255264 -48.87005234],9.278319358870572,10.520496370537435,12.332059862149766,13.893595696506583
132,22.193435677129578,22.833983187048226,23.64400601480112,[ 42.68370056 -48.87042999],[ 20.49026489 -48.86982727],[ -2.34371829 -48.87026215],[-25.9877243  -48.87005234],9.044384002844422,10.176740648687344,11.968427660044624,13.623056412889923
133,22.08549309578593,22.65740883767712,23.474625469191686,[ 43.57556534 -48.87042236],[ 21.49007225 -48.86982727],[ -1.16733658 -48.87026215],[-24.64196205 -48.87005234],8.816469192676468,9.838408472713281,11.594209673056044,13.31886482371453
134,21.988645561641555,22.484381564515832,23.299613115391043,[ 44.44494629 -48.87041855],[ 22.45630074 -48.86982346],[-2.80808248e-02 -4.88702621e+01],[-23.32769394 -48.87005234],8.594342232282182,9.504101756233835,11.222468378733662,12.997257234183436
135,21.9029655526386,22.31530309076108,23.120550871847342,[ 45.29243088 -48.87041855],[ 23.38946533 -48.86986542],[  1.07416224 -48.87026215],[-22.04638863 -48.87005234],8.377771378266853,9.176084522353356,10.843917848833629,12.659676553527055
136,21.828277594611833,22.152492049773382,22.937696934705883,[ 46.11855316 -48.87041473],[ 24.29027557 -48.86987305],[  2.13778353 -48.87026215],[-20.79991341 -48.87005234],8.166538239251214,8.855389595366077,10.452310564085487,12.30261898231072
137,21.764389044826878,21.997304442985968,22.752237797750816,[ 46.92384338 -48.87041473],[ 25.15945435 -48.86987305],[  3.16214991 -48.87026215],[-19.59008789 -48.87005234],7.960434914727806,8.54198074405261,10.05964088629195,11.928928377343555
138,21.71104050348883,21.85034227717659,22.56578016378664,[ 47.70879364 -48.87041092],[ 25.99775314 -48.86987305],[  4.14741087 -48.87026215],[-18.41836929 -48.87005234],7.759266854479839,8.236327172226524,9.66847801396782,11.54070854415197
139,21.66789818477651,21.7123117481764,22.37895298102501,[ 48.47387695 -48.87041092],[ 26.80597878 -48.86987305],[  5.09366703 -48.87026215],[-17.28528595 -48.87005234],7.562849046402863,7.938954831122164,9.278992655171042,11.152135851338224
140,21.634616858492837,21.583622459173277,22.19268751247224,[ 49.21957779 -48.87041092],[ 27.58496094 -48.86987305],[  6.00133848 -48.87026596],[-16.19134903 -48.87005234],7.371003629471799,7.650110722576347,8.895460131357122,10.749695780521668
141,21.610767371006986,21.46451664330567,22.00953960526107,[ 49.94633865 -48.87040329],[ 28.33557129 -48.86987305],[  6.87105465 -48.87026596],[-15.13848495 -48.87004852],7.183564187991248,7.369967938500928,8.5181722674366,10.334075930601239
142,21.59589768107006,21.355202678480328,21.830666542698474,[ 50.65458298 -48.87040329],[ 29.0586853  -48.86987305],[  7.70348263 -48.87026596],[-14.12718391 -48.87009811],7.000374796945288,7.098691941384824,8.147983554541295,9.918452266188556
143,21.58954621012471,21.25585556372577,21.656673431934035,[ 51.34474564 -48.87040329],[ 29.75519943 -48.86987305],[  8.49934387 -48.87025452],[-13.15732956 -48.87010193],6.82128715812079,6.836390019588621,7.785029891987501,9.503801345831885
144,21.591211325387306,21.166628841022916,21.48807048851784,[ 52.01721573 -48.87039948],[ 30.42600441 -48.86987305],[  9.25937557 -48.87025452],[-12.22869492 -48.87010193],6.646162036402559,6.583101750590376,7.429578307055678,9.092677116564966
145,21.60037804291388,21.087671283357565,21.32524871880762,[ 52.67238617 -48.87039948],[ 31.07200813 -48.86987305],[  9.98433685 -48.87025452],[-11.34091187 -48.87010193],6.474864963991233,6.338819981838369,7.081831935524123,8.685105323983171
146,21.61651993438858,21.01909160960173,21.168617249057945,[ 53.31062317 -48.87039948],[ 31.69410324 -48.86987305],[ 10.67501163 -48.87025452],[-10.49360561 -48.87010574],6.307276253570354,6.103508950538683,6.742045883092909,8.28150844588832
147,21.63911820145587,20.960971835746584,21.018581390907382,[ 53.93230438 -48.87041855],[ 32.29318619 -48.86987305],[ 11.33221436 -48.87025452],[ -9.68636703 -48.87010574],6.1432824187489485,5.877087117543422,6.4105172196512745,7.881986618086037
148,21.667640692901898,20.913344386718844,20.87556457572544,[ 54.53777313 -48.87041855],[ 32.87013245 -48.86987305],[ 11.95678806 -48.87025452],[ -8.91877651 -48.87010574],5.9827747379729095,5.659445763977524,6.087595466895882,7.486814975781881
149,21.70157623976616,20.876198772101013,20.73972988182022,[ 55.127388   -48.87041855],[ 33.42581177 -48.86987305],[ 12.549613   -48.87025452],[ -8.19011688 -48.87010574],5.8256521277196684,5.450443746038184,5.773681644872814,7.1017174721074765
150,21.740383155037122,20.849470142109706,20.611472607223742,[ 55.70146942 -48.87041855],[ 33.96108627 -48.86987305],[ 13.11161613 -48.87025833],[ -7.49985647 -48.87010574],5.671831614062106,5.249910356032338,5.469213966931592,6.716160774250229
151,21.783565528166292,20.833010677228156,20.49154138621875,[ 56.26034546 -48.87041473],[ 34.47677994 -48.86986542],[ 13.64376926 -48.87025833],[ -6.84777212 -48.87010574],5.521229751291539,5.057656289599132,5.1747002651189655,6.337070941935939
152,21.825523383377586,20.83129978550483,20.380681515311196,[ 56.80434036 -48.87041473],[ 34.97881699 -48.86986542],[ 14.1475172  -48.87025833],[ -6.23316431 -48.87010574],5.373779306203414,5.029541017916614,4.931590562044142,5.9644775390678095
153,21.858924872624836,20.845157626994066,20.28481245098284,[ 57.33374786 -48.87041473],[ 35.474823   -48.86986542],[ 14.62966537 -48.87025833],[ -5.65514708 -48.87010574],5.229411135796185,4.8933243770131485,4.724164014236239,5.603391170504111
154,21.89255142901072,20.86744594943884,20.225738525966204,[ 57.84889221 -48.87041473],[ 35.95634079 -48.86986542],[ 15.08889484 -48.87025833],[ -5.13684368 -48.87010574],5.088081372383179,4.753427507355285,4.483108048974651,4.318615436554161
155,21.928951275915242,20.898020748017412,20.303904057122438,[ 58.35237122 -48.87060547],[ 36.42341995 -48.86986542],[ 15.52539921 -48.87025833],[ -4.77850485 -48.87010574],5.056395161123325,4.5995378513150245,4.269397741057283,3.5585141181945996
156,21.978668219660193,20.935025218836078,20.35187625942211,[ 58.85371017 -48.87041092],[ 36.87504196 -48.86986542],[ 15.94001675 -48.87025833],[ -4.41185951 -48.87010574],5.000932446160827,4.452458860407281,4.048026090487153,3.7293291091929577
157,22.04053497657907,20.979791644914638,20.373195648764774,[ 59.35373306 -48.87025452],[ 37.31319809 -48.86986542],[ 16.33340645 -48.87025833],[ -4.0397892  -48.87010574],5.0006603256150575,4.325954916044663,3.844383245438208,3.6497328281456016
158,22.11317825384012,21.03290176758601,20.391820431326508,[ 59.85263443 -48.87003708],[ 37.73945618 -48.86986542],[ 16.70655441 -48.87025833],[ -3.68526602 -48.87010574],4.973122876202618,4.21344566543432,3.643101221127287,3.4587953090776757
159,22.191925048839927,21.094713214790207,20.410211086872447,[ 60.34697723 -48.86988831],[ 38.15505219 -48.86986542],[ 17.06033897 -48.87026215],[ -3.34987211 -48.87010574],4.916961343782306,4.112580778238231,3.4563200531914404,3.2618839740922287
160,22.273986816680967,21.1653595007885,20.431336880328857,[ 60.83515167 -48.86975479],[ 38.56116486 -48.86986542],[ 17.39580536 -48.87026215],[ -3.03553152 -48.87010574],4.852665558885362,4.022459985884816,3.276213890780896,3.041451931023557
161,22.35810852156513,21.244775775799013,20.456616640688836,[ 61.31681824 -48.86964798],[ 38.95870972 -48.86986542],[ 17.71393394 -48.87026215],[ -2.7426827  -48.87010574],4.787469009060716,3.9402687570687736,3.1086943210096334,2.8319485187832805
162,22.44359588857273,21.332654956691957,20.486747027040497,[ 61.79203415 -48.86954117],[ 39.34843826 -48.86986542],[ 18.01578331 -48.87026215],[ -2.47096372 -48.87010574],4.723589973554049,3.865724088911108,2.9498622477939307,2.6185739040726905
163,22.529842380475845,21.428754810191037,20.522682428955953,[ 62.26097107 -48.86945343],[ 39.73112869 -48.86986542],[ 18.30237389 -48.87026215],[ -2.22030854 -48.87010574],4.661668824409195,3.798772814086934,2.80259490617348,2.4102194309618086
164,22.616344456850946,21.532714847404755,20.56476879179348,[ 62.72383499 -48.8693924 ],[ 40.10749054 -48.86986542],[ 18.5747757  -48.87026215],[ -1.9899931  -48.87010574],4.60185101732815,3.7385680698016492,2.665159231518362,2.210885763212562
165,22.702651983731236,21.644134525120315,20.613379359838646,[ 63.18083191 -48.86933517],[ 40.47817993 -48.86986542],[ 18.83404541 -48.87026215],[ -1.77933395 -48.87010574],4.5441422687587005,3.6846370720126695,2.538887745224326,2.016468524979636
166,22.788372047565012,21.762651447097582,20.66883003770876,[ 63.63217163 -48.86927032],[ 40.84379959 -48.86986542],[ 19.08114815 -48.87026215],[ -1.58768189 -48.87010574],4.488406193450996,3.636654856191106,2.4221878111959683,1.8302181959638821
167,22.873096474516082,21.88751221062676,20.802012086474246,[ 64.07801819 -48.86924362],[ 41.20492172 -48.86986542],[ 19.31740952 -48.87026215],[ -1.48460257 -48.87010956],4.434134963239265,3.5941109681617576,2.3213810980935716,0.006425720108557971
168,22.956481942327503,22.017528537509826,21.02912163789795,[ 64.5185318  -48.86923218],[ 41.56204987 -48.86986542],[ 19.54452133 -48.87026215],[ -1.48460031 -48.87010956],4.381709577833566,3.556490423789268,2.236881262160044,0.00021959112465797195
169,23.038238534198555,22.151691440388856,21.248363018611503,[ 64.9539032  -48.86922836],[ 41.91566467 -48.86986542],[ 19.76397324 -48.87026596],[ -1.48438978 -48.87010956],4.3310284622420765,3.5233869578263652,2.1666154922464758,0.0001966337218673542
170,23.118083962953122,22.28902435662631,21.46064102706681,[ 65.38428497 -48.86921692],[ 42.26620102 -48.86986542],[ 19.97717667 -48.87026596],[ -1.48346436 -48.87010956],4.2820043564141335,3.4944024112399883,2.1104919977197216,0.00842300529233177
171,23.19581986390851,22.4285144841674,21.665210962860073,[ 65.80986786 -48.8692131 ],[ 42.614048   -48.86986542],[ 20.18553352 -48.87026596],[ -1.47967744 -48.87010956],4.234567643192733,3.4691171673277563,2.0682208602286387,0.014487084947517843
172,23.271247873235584,22.569160464980076,21.86460840757996,[ 66.23078918 -48.86920166],[ 42.95954132 -48.86986542],[ 20.39038086 -48.87026596],[ -1.47422755 -48.87010956],4.188659670961965,3.4471440343311395,2.038735396294813,0.0884038881918594
173,23.344192513890412,22.710062030509782,22.053972483441402,[ 66.64719391 -48.86921692],[ 43.3030014  -48.86986542],[ 20.59293938 -48.87026596],[ -1.46103311 -48.87008286],4.144237049757093,3.428124907530728,2.021168953997877,0.14898225196870946
174,23.41455460360682,22.850337985755477,22.23732829249711,[ 67.05924988 -48.8692627 ],[ 43.64469528 -48.8698616 ],[ 20.7943573  -48.87026596],[ -1.44297099 -48.87000275],4.101251610922887,3.4117064505932766,2.0147667001336282,0.22012044473490427
175,23.482189185625572,22.98917961476219,22.411718369548375,[ 67.46707153 -48.86928177],[ 43.98488235 -48.8698616 ],[ 20.99570274 -48.87026596],[ -1.41601562 -48.87005234],4.059644228897949,3.397567990959172,2.018609769483162,0.32132032640709757
176,23.547054296914645,23.125806812006807,22.58045792604913,[ 67.87081146 -48.86932373],[ 44.32375717 -48.8698616 ],[ 21.19795036 -48.87026596],[ -1.38250756 -48.87015915],4.01937486158394,3.385400298580121,2.0317599849769317,0.35926499809913665
177,23.60908127343905,23.259538654027498,22.746774077979712,[ 68.27059937 -48.86936951],[ 44.6615181 -48.8698616],[ 21.40197945 -48.87026596],[ -1.34479463 -48.87010574],3.9803893697250867,3.374917272172559,2.0533115944078872,0.4464388450291308
178,23.668251041878094,23.389728549637816,22.907067419094535,[ 68.66655731 -48.86941147],[ 44.99830627 -48.8698616 ],[ 21.60857773 -48.87026596],[ -1.29848969 -48.87005234],3.9426367426742686,3.3658587968042575,2.082344063626973,0.47034598865633576
179,23.72454834328966,23.515802387031776,23.0604953782683,[ 69.05879974 -48.86945724],[ 45.3342514 -48.8698616],[ 21.81844902 -48.87027359],[ -1.24204636 -48.86999512],3.906068342418356,3.3579788244726756,2.1179263681260565,0.6375730264419948
180,23.777973177695387,23.637266162647997,23.205192089928648,[ 69.4474411  -48.86950684],[ 45.66946793 -48.8698616 ],[ 22.03220177 -48.87027359],[ -1.17299032 -48.87007523],3.8706431574938778,3.3510515728002988,2.1591513263985753,0.7294210556499923
181,23.828598024514083,23.753692630525908,23.351350188255623,[ 69.83262634 -48.8695488 ],[ 46.00402832 -48.8698616 ],[ 22.25033569 -48.87027359],[ -1.10101449 -48.8702774 ],3.8363206578238174,3.3448729554603,2.2051315411520243,0.7763302178470981
182,23.876419068833652,23.86471176503077,23.494574070037505,[ 70.21442413 -48.86959839],[ 46.33800507 -48.8698616 ],[ 22.4732933  -48.87027359],[ -1.02128077 -48.870327  ],3.803060792543084,3.3392610590839604,2.255011569544054,0.8766914394025092
183,23.921508790050716,23.970029834473152,23.63285225630915,[ 70.59294891 -48.86964417],[ 46.67144012 -48.8698616 ],[ 22.70141029 -48.87027359],[ -0.93144196 -48.87029648],3.770827792089158,3.334050182766117,2.307967436146393,0.9777527258197432
184,23.96393203796835,24.06941223497123,23.767008781440758,[ 70.9683075  -48.86968994],[ 47.00437546 -48.8698616 ],[ 22.93496323 -48.87027359],[ -0.83204556 -48.87029266],3.73958542319368,3.3290941759248067,2.363225711004445,1.0741462910757071
185,24.003772735925796,24.162681582365,23.89637082822965,[ 71.34059143 -48.86973572],[ 47.3368187 -48.8698616],[ 23.17413712 -48.87022781],[ -0.72223371 -48.87028885],3.7092993502730174,3.324262623576189,2.4200549259773596,1.1830437440954107
186,24.041107177855434,24.24972534456207,24.01917493343838,[ 71.70988464 -48.86978531],[ 47.66877747 -48.8698616 ],[ 23.41905212 -48.87022781],[ -0.60012281 -48.87024307],3.679936195321465,3.3194427537499385,2.477771050271739,1.2801587869559878
187,24.07606887819317,24.330495836826994,24.13503852487093,[ 72.07631683 -48.86983109],[ 48.00024796 -48.8698616 ],[ 23.66975212 -48.87020874],[ -0.4652864  -48.87019348],3.651467585388342,3.3145375300674718,2.535743487762665,1.399289868629843
188,24.108703613286078,24.4049835229227,24.246642232018043,[ 72.43993378 -48.86987686],[ 48.33123016 -48.8698616 ],[ 23.92624664 -48.87020493],[ -0.32039559 -48.87014389],3.6238615756005763,3.309467082327442,2.593398342854784,1.4863090730898139
189,24.13916778573164,24.47322082709805,24.355716556407444,[ 72.80084991 -48.86992645],[ 48.66168213 -48.8698616 ],[ 24.1884613  -48.87016678],[ -0.16725525 -48.87009811],3.597087407219001,3.3041627459650855,2.6502111087051343,1.5761816717831032
190,24.16753387480104,24.535291673698598,24.459818802128492,[ 73.15911865 -48.86997604],[ 48.99158478 -48.86985779],[ 24.45629311 -48.87016678],[-3.52569576e-03 -4.88700485e+01],3.5711183768792085,3.2985665852624177,2.705710895312353,1.6967835651776435
191,24.193923950751373,24.591327668770145,24.556888163452708,[ 73.51483917 -48.87002182],[ 49.32091522 -48.86985779],[ 24.72958755 -48.87013245],[  0.17269939 -48.86999893],3.5459292143094645,3.292639976984171,2.7594857345331083,1.8189364889358368
192,24.218456269252695,24.641479493634336,24.64759633007525,[ 73.86808777 -48.87007141],[ 49.6496315  -48.86985779],[ 25.00815201 -48.87012482],[  0.36055568 -48.86994934],3.5214932169199944,3.28634906416579,2.8111729696986427,1.9327235433527934
193,24.24121475362627,24.685945512109537,24.731879831250346,[ 74.21891785 -48.870121  ],[ 49.97770309 -48.86985779],[ 25.29175758 -48.87010574],[  0.55987775 -48.86989594],3.4977848710353503,3.2796695294555716,2.8604607691485033,2.0490434372432693
194,24.262355806459798,24.7249259960784,24.809224189644308,[ 74.56742859 -48.87017059],[ 50.30507278 -48.86985779],[ 25.58014679 -48.87010193],[  0.7709226  -48.86984634],3.4747822447091488,3.272588974712532,2.9070904345721433,2.165320653111702
195,24.281967165790228,24.758657456301275,24.87967682023999,[ 74.9136734  -48.87022018],[ 50.63170624 -48.86985779],[ 25.87304878 -48.87006378],[  0.99337196 -48.86980057],3.452461495430648,3.265336520167492,2.9508464449953875,2.2776069817239177
196,24.300113681406582,24.787414551274683,24.943318249265563,[ 75.25772095 -48.87026596],[ 50.95760727 -48.86985779],[ 26.17019272 -48.87001419],[  1.22687447 -48.86974335],3.430799258194062,3.25756002161785,2.9923105356905535,2.3866357967489944
197,24.316951756089768,24.811367035405063,25.00022399626001,[ 75.59963989 -48.87031937],[ 51.28268814 -48.86985779],[ 26.47132111 -48.87001419],[  1.47109711 -48.86969757],3.409775745082219,3.249151952247601,3.0302789250985205,2.4920969131763973
198,24.332580571459708,24.830905914799207,25.050367954126,[ 75.9394989 -48.8703537],[ 51.60691833 -48.86985779],[ 26.77601242 -48.87001419],[  1.72564447 -48.86964417],3.3893699725272377,3.2404384686893972,3.0642085168395754,2.5933489917180843
199,24.347080236738762,24.846330643168738,25.093852045824033,[ 76.27733612 -48.87039948],[ 51.93025589 -48.86985779],[ 27.08392525 -48.87001038],[  1.9900732  -48.86964417],3.3695612044520717,3.23138881494206,3.0950536824424044,2.6899941050614196
200,24.360561377129308,24.857912064066955,25.13084960327808,[ 76.61322784 -48.87041092],[ 52.25266647 -48.86985779],[ 27.39475441 -48.87001038],[  2.26390481 -48.86959457],3.350332027673003,3.2219526846668605,3.1226940244947485,2.7817328131913572
201,24.373104102631025,24.865959167902993,25.16153169028179,[ 76.94722748 -48.87044907],[ 52.57412338 -48.86985779],[ 27.70816422 -48.87000275],[  2.54663253 -48.86958313],3.3316624261797263,3.2122097097046947,3.1468730067638115,2.868267780685218
202,24.384811408721973,24.870777130549396,25.186087373478212,[ 77.27939606 -48.8704567 ],[ 52.89458466 -48.86985779],[ 28.02380753 -48.87000275],[  2.83772016 -48.86957932],3.3135366490602673,3.202186831331099,3.1677990041007824,2.9493095966869918
203,24.395755775649455,24.872650146906786,25.204711440718302,[ 77.60977936 -48.87047195],[ 53.21402359 -48.86985397],[ 28.34137344 -48.86999893],[  3.13666201 -48.86957932],3.295935400365379,3.1918978778221514,3.1855685801286535,3.026021250339733
204,24.406002052214546,24.871877670587644,25.21757531521571,[ 77.93842316 -48.8704834 ],[ 53.53242111 -48.86987686],[ 28.66054344 -48.86999893],[  3.44296813 -48.8695755 ],3.278844601415531,3.18138147369859,3.2001903140525365,3.0962267007539683
205,24.41563797750454,24.868747711481237,25.22513699886943,[ 78.26539612 -48.8704834 ],[ 53.84975815 -48.86987686],[ 28.98101044 -48.86999893],[  3.75587344 -48.8695755 ],3.2622461381244285,3.1706738529105003,3.211792239344677,3.159065730330309
206,24.42470932779005,24.863544464410985,25.22772264848863,[ 78.59072876 -48.87049103],[ 54.16601944 -48.86987686],[ 29.30247498 -48.86999893],[  4.07475233 -48.86956787],3.2461276127823306,3.159799822710415,3.2205119219787686,3.2163696351549356
207,24.433292396634997,24.85651779204779,25.22560501466936,[ 78.91447449 -48.87049103],[ 54.4811821  -48.86987686],[ 29.62466431 -48.86999893],[  4.3990593  -48.86956787],3.230471616993748,3.148794421467197,3.2264623727770028,3.2678604167703558
208,24.44144440468906,24.847934723200236,25.21912670503896,[ 79.23667908 -48.87049103],[ 54.79523468 -48.86987686],[ 29.94729996 -48.86999893],[  4.72817326 -48.86956787],3.215264803740208,3.1376919837543276,3.2297930802279784,3.3130853214891793
209,24.449241645897537,24.83803558379606,25.208646778043022,[ 79.55741119 -48.87049103],[ 55.10816956 -48.86987686],[ 30.27013397 -48.86999893],[  5.0614872  -48.86956406],3.2004942956976294,3.1265230272430156,3.2306585395430485,3.3524642020502635
210,24.45668793486219,24.827056885047263,25.194495204863976,[ 79.87667084 -48.87049103],[ 55.41998291 -48.86988068],[ 30.59292603 -48.86999893],[  5.39843082 -48.86956406],3.1861441195633367,3.115319500035329,3.2292177759610703,3.3861315268579224
211,24.463832862838483,24.815221786780793,25.177029136664935,[ 80.19451141 -48.87049103],[ 55.73067856 -48.86988068],[ 30.91545677 -48.86999893],[  5.73842764 -48.86956024],3.172203308120387,3.1041131111004314,3.225634344615277,3.4140841974408613
212,24.470733649357616,24.802736282490617,25.156596664439036,[ 80.51098633 -48.87049103],[ 56.04025269 -48.86991501],[ 31.2375164  -48.86999893],[  6.08091974 -48.86956024],3.158659940437387,3.0929308036457988,3.2200765689801703,3.436539888962756
213,24.477405554873346,24.78979110731979,25.133483890614162,[ 80.82611847 -48.87049103],[ 56.34871292 -48.86991501],[ 31.55892181 -48.86999893],[  6.42543793 -48.86955643],3.1454985193312432,3.081798319733064,3.2127175409752207,3.4554660322408988
214,24.483909613709436,24.776563644551313,25.107921127404015,[ 81.13996887 -48.87049103],[ 56.65605927 -48.86991501],[ 31.87949562 -48.86999893],[  6.7715745  -48.86955643],3.132713322749132,3.0707428540181088,3.203719623663955,3.4683542251740502
215,24.49025726995768,24.763202667378536,25.080487255321152,[ 81.4525528  -48.87049103],[ 56.96229553 -48.86991501],[ 32.19909286 -48.86999893],[  7.11860561 -48.8695488 ],3.120290522389109,3.0597903816866876,3.193252571067771,3.4746692180718335
216,24.4964447091014,24.749889373921583,25.05152798103383,[ 81.76390076 -48.87049866],[ 57.26745605 -48.86991501],[ 32.51756668 -48.86999893],[  7.4660387 -48.8695488],3.1082167668406893,3.0489647478271746,3.181485421967773,3.4770321849984454
217,24.50254822472467,24.73674011244705,25.021298889463345,[ 82.07408142 -48.87049866],[ 57.5715332  -48.86991501],[ 32.83479309 -48.86999893],[  7.81349421 -48.86954498],3.096484664272809,3.038281688276927,3.168581254651246,3.475264549856967
218,24.508541114127265,24.723876953267435,24.990152363131806,[ 82.38309479 -48.87049866],[ 57.87455368 -48.86991501],[ 33.15067673 -48.86999893],[  8.16052437 -48.86954498],3.0850832496985845,3.0277626607043087,3.154689319147468,3.469108582986602
219,24.514461524281838,24.71140670790618,24.95839405479608,[ 82.69099426 -48.87049866],[ 58.17653275 -48.86991501],[ 33.46512604 -48.86999893],[  8.50673199 -48.86954117],3.0740017923082266,3.0174293612100422,3.139968402261477,3.459302904284145
220,24.520313269885648,24.699428558492187,24.926286701591042,[ 82.99780273 -48.87049866],[ 58.47748947 -48.86991501],[ 33.77806091 -48.86999893],[  8.85177422 -48.86954117],3.063231232718572,3.007289180775384,3.1245644161567756,3.4461441074924197
221,24.526096350938698,24.6880149842735,24.894049648820467,[ 83.30353546 -48.87049866],[ 58.77743912 -48.86991501],[ 34.08942413 -48.86999893],[  9.19537449 -48.86953354],3.052764179989256,2.9973595239373774,3.1086134978093707,3.4310808230204355
222,24.5318527291109,24.677253723287237,24.861852650301607,[ 83.60826874 -48.87049866],[ 59.07641602 -48.86991501],[ 34.39916229 -48.86999893],[  9.53730965 -48.86952972],3.042588951611934,2.9876539805718063,3.0922484464137003,3.4124727320913073
223,24.537555701341105,24.667175293086736,24.83010101761684,[ 83.91197968 -48.87049866],[ 59.37442398 -48.86992264],[ 34.70724869 -48.86999893],[  9.87714767 -48.86952972],3.0326969645075184,2.9781801800719405,3.0755951469523812,3.390056380382741
224,24.543239600265323,24.657836914180532,24.79902840035283,[ 84.21473694 -48.87049866],[ 59.67149734 -48.86992264],[ 35.01366043 -48.86999893],[ 10.21463203 -48.86956787],3.0230827350644227,2.968945512045322,3.0587716166179324,3.3658316236283823
225,24.548877722822365,24.64927673351651,24.768784526761213,[ 84.51654053 -48.87049866],[ 59.96766281 -48.86992264],[ 35.31838608 -48.86999893],[ 10.54960155 -48.86956787],3.013737680191918,2.95995832480632,3.041885382231116,3.339798455808074
226,24.55447006901223,24.641521453964014,24.73956489881089,[ 84.81741333 -48.87050247],[ 60.26294327 -48.86992645],[ 35.62142181 -48.86999893],[ 10.88185692 -48.8696022 ],3.0046513095032883,2.951225767703756,3.0250365795154943,3.3118488905733465
227,24.560028082926717,24.634590149032405,24.711541178905595,[ 85.11739349 -48.87050247],[ 60.55736542 -48.86992645],[ 35.92277527 -48.86999893],[ 11.21123409 -48.86960983],2.995817423864674,2.9427495098194743,3.0083177149371654,3.282572753585416
228,24.565547949779408,24.62849426279103,24.684837343749454,[ 85.41650391 -48.87050247],[ 60.85095596 -48.86993027],[ 36.2224617  -48.86999893],[ 11.53762436 -48.86965179],2.987229348198761,2.9345305067805354,2.991812711840302,3.2522511603382953
229,24.571014410959563,24.62321853647269,24.6595916770896,[ 85.7147522  -48.87050247],[ 61.14373779 -48.86993027],[ 36.52051926 -48.86999893],[ 11.86092758 -48.86966324],2.9788808830585713,2.926571617244372,2.9756000099208655,3.221027858240429
230,24.57647705709193,24.618759155331364,24.635901452907685,[ 86.01220703 -48.87050247],[ 61.43572998 -48.86994553],[ 36.81697083 -48.86999893],[ 12.18106937 -48.86970139],2.9707636839475544,2.9188704593378767,2.959745174300663,3.1891970754808368
231,24.58187103902414,24.6151161194427,24.61385440997157,[ 86.30884552 -48.87050247],[ 61.72697449 -48.86994553],[ 37.11185837 -48.86999893],[ 12.49800396 -48.86970901],2.9628708367379333,2.9114270288003827,2.9443090017014892,3.157014378030828
232,24.58721542989191,24.61226272588004,24.593521119375858,[ 86.60470581 -48.87050247],[ 62.01749039 -48.86994553],[ 37.40522766 -48.86999512],[ 12.81170654 -48.86975098],2.955194235198123,2.9042401411295704,2.9293425137038205,3.1246745719204836
233,24.59252167387372,24.61015701298942,24.574955941312442,[ 86.89981079 -48.87050629],[ 62.30728912 -48.86994553],[ 37.69713211 -48.86999512],[ 13.12217617 -48.86976624],2.947730064629648,2.8973062137695846,2.914891247764588,3.0923929292942427
234,24.59777451200712,24.608802795460125,24.558185578133262,[ 87.19419098 -48.87050629],[ 62.59641647 -48.86994553],[ 37.98761368 -48.86999512],[ 13.4294281  -48.86980438],2.940472602918079,2.8906200032320215,2.9009943058578846,3.060370933827627
235,24.602966314984286,24.608146667530438,24.543229103494227,[ 87.48784637 -48.87050629],[ 62.88488007 -48.86994553],[ 38.2767334  -48.86999512],[ 13.7335043  -48.86985397],2.9334151745421724,2.8841760259688543,2.887680058636425,3.0288913375945956
236,24.608085638713426,24.6081619263195,24.530099869158825,[ 87.7808075  -48.87050629],[ 63.17272186 -48.86994553],[ 38.56455994 -48.86999512],[ 14.03446007 -48.86985779],2.9265527725395915,2.877971659390323,2.874972586679133,2.9979651036741384
237,24.61314392737354,24.608806610165374,24.518795013644066,[ 88.07309723 -48.87050629],[ 63.45995331 -48.86994171],[ 38.8511467  -48.86999512],[ 14.33235168 -48.86989212],2.9198782444004046,2.8719990356586034,2.8628933476890253,2.967680228571056
238,24.618133550388418,24.610027313233605,24.509297371096185,[ 88.36472321 -48.87050629],[ 63.74658966 -48.86998749],[ 39.13656235 -48.86999512],[ 14.62726498 -48.86989975],2.9133861064997397,2.8662538639764303,2.851451878391002,2.938318498957998
239,24.623031621596315,24.61180877685547,24.50157165534946,[ 88.65570831 -48.8705101 ],[ 64.0326767  -48.86999512],[ 39.42086792 -48.86999512],[ 14.91929626 -48.86993408],2.907072782560632,2.8607277908424575,2.840656046613501,2.909987223024396
240,24.62786865772807,24.614086151123047,24.495577812253043,[ 88.94608307 -48.8705101 ],[ 64.31821442 -48.86999512],[ 39.70412827 -48.86999512],[ 15.20855045 -48.86994171],2.900935411643519,2.8554127288213955,2.8305063291910124,2.8827545717968253
241,24.634918218273405,24.616825103759766,24.491263389606416,[ 89.23815155 -48.8705101 ],[ 64.60323334 -48.86999512],[ 39.98640823 -48.86999512],[ 15.49514484 -48.8699646 ],2.966948509497815,2.850302466115711,2.8210039182180195,2.8567407242304688
242,24.66274262036442,24.620262145996094,24.488568305988252,[ 89.55078125 -48.87052155],[ 64.88803864 -48.86999512],[ 40.26777649 -48.86999512],[ 15.77920818 -48.8699646 ],3.2883508212422146,2.8523912513472602,2.812139515355796,2.832027444022638
243,24.72631836506039,24.626262664794922,24.487438201905487,[ 89.90089417 -48.87052536],[ 65.17457581 -48.86999512],[ 40.54831314 -48.86999512],[ 16.06087494 -48.87000275],3.6503551023995984,2.8879003609113068,2.8045773547733193,2.8086691026008297
244,24.813964849579513,24.639015197753906,24.488035202027557,[ 90.28129578 -48.87053299],[ 65.46733093 -48.86999512],[ 40.82831573 -48.86999512],[ 16.34028053 -48.87000275],3.9256939904998536,2.9701750364991635,2.801766876475632,2.7867808405589933
245,24.920021063099448,24.661357879638672,24.49094772340323,[ 90.68992615 -48.87054062],[ 65.76990509 -48.86999512],[ 41.10854721 -48.86999512],[ 16.61759949 -48.87002182],4.229224684326439,3.0764649003570343,2.8090329210274616,2.7668314093446615
246,25.04624939558889,24.694011688232422,24.497117996230372,[ 91.13045502 -48.87054062],[ 66.08420563 -48.86999512],[ 41.39019394 -48.86999512],[ 16.89307594 -48.87002182],4.543812755545479,3.20583892792858,2.828657392652187,2.7498560037189264
247,25.187614445875276,24.738777160694237,24.50743675236951,[ 91.60090637 -48.87054443],[ 66.41329193 -48.87004471],[ 41.67451477 -48.86999512],[ 17.16707802 -48.87004471],4.832930569284583,3.369059572331254,2.861522440086549,2.737125169669547
248,25.339836125164027,24.797218322803495,24.522916793881397,[ 92.10006714 -48.87052536],[ 66.76023102 -48.87004471],[ 41.9630127  -48.86999512],[ 17.4400959  -48.87004852],5.124097354037557,3.557235958748738,2.9110429326374985,2.7298224050483864
249,25.489013676406877,24.869590759326787,24.544771194508105,[ 92.61612701 -48.87052536],[ 67.12711334 -48.87004471],[ 42.25752258 -48.86999512],[ 17.71275139 -48.87004471],5.151363854427206,3.766221292298498,2.9798872510588374,2.7294168575285203
250,25.618553164995433,24.954883575568033,24.574197769335584,[ 93.133461   -48.87049103],[ 67.51490784 -48.87007523],[ 42.56002426 -48.86999512],[ 17.98582649 -48.87008667],5.256391533286651,3.9666946013190287,3.068790916644074,2.737738382922161
251,25.754173281864283,25.049434661993327,24.61215209979414,[ 93.67606354 -48.87047195],[ 67.92189026 -48.87007523],[ 42.8724556  -48.86999512],[ 18.2603035  -48.87009048],5.6002907799531725,4.157600406004433,3.1759283583502502,2.756560807586956
252,25.905059816934894,25.1530838013971,24.659168243592617,[ 94.25462341 -48.87043381],[ 68.3495636  -48.87007523],[ 43.1964798  -48.86999512],[ 18.53731155 -48.87009048],5.933384901674938,4.384223467234037,3.298592094773265,2.787335166804736
253,26.058845522231174,25.26827240002933,24.71565055865567,[ 94.86087799 -48.87041473],[ 68.80203247 -48.87007523],[ 43.53376007 -48.86999512],[ 18.81810951 -48.87009048],6.187326912233733,4.640813356878623,3.4402096314349127,2.831130276689655
254,26.213333131528508,25.393905639800007,24.782398224257452,[ 95.49370575 -48.87037659],[ 69.28037262 -48.87008286],[ 43.88646698 -48.86999512],[ 19.10406876 -48.87013245],6.473391061899425,4.898979193109396,3.6047899767159746,2.8892953505365173
255,26.372200013637272,25.528259277507917,24.8604087836333,[ 96.15729523 -48.87036133],[ 69.78509521 -48.87008667],[ 44.25683594 -48.86999512],[ 19.39642715 -48.87017822],6.78400135392161,5.173929219102934,3.7898597762843953,2.9564294928924655
256,26.55124664408609,25.65272140519267,24.950386048092323,[ 96.85077667 -48.87031937],[ 70.29953003 -48.87008667],[ 44.64680862 -48.86999512],[ 19.69642258 -48.87018585],7.073026662493308,5.1426763577882495,3.994769816348001,3.044662956336967
257,26.754493714325573,25.761421203775964,25.049869538079662,[ 97.57262421 -48.87031174],[ 70.81813049 -48.87008667],[ 45.05670929 -48.86999512],[ 20.00683975 -48.87018585],7.357160570471341,5.28738022284936,4.179167275511212,3.1597335414345427
258,26.95648193435194,25.88272857682208,25.154645920522928,[ 98.32345581 -48.87028885],[ 71.36697388 -48.87008667],[ 45.4842453  -48.86999512],[ 20.32959938 -48.87018585],7.649341111083349,5.70070743978449,4.359691624813441,3.2878193945463123
259,27.141456604571154,26.029766082924677,25.26645660511086,[ 99.1034317  -48.87026215],[ 71.9619751  -48.87008667],[ 45.93220901 -48.86999512],[ 20.66575241 -48.87023163],7.938379291058685,6.151886467074111,4.587934499111477,3.427529344349642
260,27.315200806203464,26.191078186208784,25.38873100390924,[ 99.91194153 -48.87026215],[ 72.59674072 -48.87009048],[ 46.40566254 -48.86999512],[ 21.01693153 -48.87023163],8.220282556769618,6.523572925136484,4.857461934593123,3.5875945117880716
261,27.478927612707423,26.36234283467386,25.521553040792636,[100.74826813 -48.87023926],[ 73.26934052 -48.87009048],[ 46.90699768 -48.86998749],[ 21.38544464 -48.87023926],8.49453163583876,6.925047876998107,5.141571050383288,3.7711513112614115
262,27.6260910037593,26.56000137349072,25.65186500672871,[101.61151123 -48.87022781],[ 73.98542023 -48.87009048],[ 47.42541885 -48.86998749],[ 21.77355385 -48.87023926],8.7588453316578,7.369874479523701,5.181059364747048,3.976168400114258
263,27.756134033506157,26.79703140281624,25.765647889413685,[102.50070953 -48.87022781],[ 74.7445755  -48.87009811],[ 47.9475441  -48.86998749],[ 22.18189621 -48.87023926],9.014284136514826,7.7823772446661375,5.322561745599626,4.167976863074799
264,27.871566772637408,27.042358398663776,25.892236710818803,[103.4150238 -48.8701973],[ 75.54345703 -48.87009811],[ 48.50109863 -48.86998749],[ 22.60886192 -48.87023926],9.261692051014991,8.177452088010138,5.76722145585065,4.357277400113807
265,27.971084594889142,27.276046753356493,26.04962349144567,[104.35365295 -48.87019348],[ 76.38256836 -48.87009811],[ 49.10652161 -48.86994553],[ 23.05689812 -48.87027359],9.500603676945088,8.5833168033516,6.288713460548653,4.5918197698587395
266,28.053817749185537,27.50280380291352,26.227516176416174,[105.31572723 -48.87019348],[ 77.26190948 -48.87009811],[ 49.75910568 -48.86994553],[ 23.53158951 -48.8702774 ],9.731138231289966,8.976067543137589,6.73444128119068,4.8791127222063935
267,28.121238708645127,27.72220230148837,26.420469286190244,[106.30044556 -48.87019348],[ 78.17920685 -48.87010193],[ 50.45700455 -48.86994171],[ 24.03653526 -48.8702774 ],9.953792574531933,9.347167968750076,7.217218878068624,5.190739635121994
268,28.173881530898335,27.925128937393165,26.6542091394265,[107.30703735 -48.87018967],[ 79.13315582 -48.87010193],[ 51.20802689 -48.86991501],[ 24.55381775 -48.8702774 ],10.168691638111698,9.710533142322353,7.770800115632293,5.185959342544968
269,28.21172332765761,28.11014556944402,26.9347286247729,[108.33473206 -48.87014008],[ 80.12300873 -48.87010574],[ 52.01286316 -48.86992264],[ 25.07813454 -48.8702774 ],10.375934603838749,10.062669754700979,8.279908180491248,5.3335838348361895
270,28.23569488527478,28.280918122007062,27.23990440619973,[109.38275909 -48.87014008],[ 81.14706421 -48.87010574],[ 52.86614609 -48.86991119],[ 25.62624168 -48.87028122],10.575793267118891,10.39558601491999,8.764043808825178,5.661955359234785
271,28.246841430680547,28.43320846624176,27.549568178754487,[110.45040131 -48.87013626],[ 82.20355988 -48.87010574],[ 53.77035141 -48.86991119],[ 26.22078323 -48.87028122],10.768502236811146,10.713671685959273,9.290908813557696,6.22225284756604
272,28.24569702150086,28.56397247380707,27.85035515087596,[111.53695679 -48.87013626],[ 83.29125977 -48.87010574],[ 54.72728729 -48.86991119],[ 26.87693214 -48.87028885],10.95421695839049,11.018842699621757,9.800711631817354,6.855483056767322
273,28.23310089118776,28.67606735276407,28.13630676512845,[112.64173889 -48.87013626],[ 84.408638   -48.87007141],[ 55.73257065 -48.86990738],[ 27.59626389 -48.8702774 ],11.133152963096917,11.307182315446305,10.27114391326945,7.495155336779659
274,28.210075378542804,28.76847457922263,28.4052963286713,[113.76406097 -48.87013626],[ 85.5539856  -48.87005234],[ 56.78551102 -48.86990738],[ 28.38021469 -48.87031937],11.305531503186085,11.579229356970975,10.758924484266357,8.148690225178997
275,28.17768859875779,28.83840942419245,28.655971530006592,[114.90330505 -48.87013626],[ 86.72561646 -48.87005234],[ 57.88720703 -48.86990738],[ 29.2312355  -48.87031555],11.471552850296376,11.833223345015622,11.223968505903303,8.826736450670033
276,28.13712310815866,28.889865875455946,28.881263735848627,[116.05883789 -48.87013626],[ 87.92171478 -48.87001801],[ 59.03184891 -48.86990738],[ 30.15058517 -48.87031937],11.631400109891993,12.07068252861384,11.629887580986889,9.508855820274446
277,28.089172363598564,28.924476623692374,29.077846530127314,[117.23004913 -48.87013626],[ 89.14087677 -48.87000275],[ 60.21640015 -48.86990738],[ 31.13855362 -48.870327  ],11.78528785869258,12.29518604425702,12.0300722124529,10.187512400154368
278,28.034568786939026,28.940666198887598,29.25004577900618,[118.41636658 -48.87013626],[ 90.38179779 -48.87000275],[ 61.44113159 -48.86990738],[ 32.19108582 -48.87030029],11.93342304402112,12.505889893945762,12.422412872722703,10.794891361241511
279,27.974182129224868,28.939735412754793,29.400955202244642,[119.6171875  -48.87013626],[ 91.64300537 -48.87000275],[ 62.70326996 -48.86990738],[ 33.30231476 -48.87025452],12.075661661056692,12.702344896140296,12.779444695169161,11.377758983124266
280,27.908714294752958,28.923500061218544,29.52701950255492,[120.83190918 -48.87013626],[ 92.92319489 -48.87000275],[ 63.99969482 -48.86989975],[ 34.47267532 -48.87022781],12.211749078757084,12.886228563356543,13.114940644284992,11.96989917970716
281,27.83882141145298,28.892127990906243,29.62786483946278,[122.05995941 -48.87013626],[ 94.221138   -48.87000275],[ 65.32901001 -48.86989975],[ 35.70114517 -48.87022781],12.342700006595152,13.057901384682872,13.436499597433906,12.53527355421213
282,27.765258789617004,28.846374511755073,29.705039979193504,[123.30086517 -48.87013626],[ 95.53560638 -48.86996078],[ 66.68923187 -48.86991501],[ 36.98419189 -48.87017822],12.468855859974921,13.217271807384538,13.733346941448323,13.069869045177729
283,27.688743591914033,28.787681579592117,29.75785827697845,[124.55413055 -48.87013626],[ 96.86538696 -48.86995316],[ 68.07770538 -48.8699646 ],[ 38.31984711 -48.87015533],12.590040209149791,13.365348816666762,14.005917551304144,13.589395524637563
284,27.609825134810986,28.717079162599937,29.786090851416578,[125.81926727 -48.87012482],[ 98.20944214 -48.86995316],[ 69.49236298 -48.8699646 ],[ 39.70627213 -48.87015152],12.706539156417044,13.502878189860535,14.259258270806662,14.084053994661955
285,27.529167175828174,28.63545989990463,29.79093551694383,[127.09584808 -48.87012482],[ 99.56668091 -48.86995316],[ 70.93122101 -48.8699646 ],[ 41.14028549 -48.87015152],12.818635942375126,13.630145073697658,14.491075516688385,14.54525375550101
286,27.44730377250946,28.544136047365576,29.77320098916054,[128.38343811 -48.87012482],[100.93613434 -48.86995316],[ 72.39199829 -48.8699646 ],[ 42.6187973  -48.87011719],12.92638874253667,13.747828484284204,14.700327874243007,14.977891924319968
287,27.364692688526706,28.444297790529646,29.733551025743978,[129.68156433 -48.87012482],[102.31687164 -48.86995316],[ 73.87257385 -48.8699646 ],[ 44.13902283 -48.87010956],13.029937746171615,13.856664658269441,14.889513970581083,15.381109238754489
288,27.28177642876272,28.33703613281481,29.67330551182868,[130.98982239 -48.87012482],[103.70804596 -48.86995316],[ 75.37100983 -48.8699646 ],[ 45.69770432 -48.87010956],13.129479410341828,13.957118035034092,15.059209825026992,15.750192643436785
289,27.19900512749483,28.223526000978882,29.593898773548382,[132.30786133 -48.87012482],[105.1088562  -48.86995316],[ 76.8853302 -48.8699646],[ 47.29143143 -48.87010956],13.225142481083028,14.049743653013671,15.20929908930055,16.08600235129239
290,27.116729736871473,28.10488891604695,29.496658325417314,[133.63525391 -48.87012482],[106.51852417 -48.86995316],[ 78.41363525 -48.86999512],[ 48.91697693 -48.87010956],13.317053797075458,14.135173798275826,15.341171266872928,16.389783860905457
291,27.03527069124765,27.982192993201505,29.383113861214976,[134.97166443 -48.87008667],[107.93639374 -48.86995316],[ 79.95420074 -48.86999893],[ 50.57108688 -48.87008667],13.405361177834408,14.213932038016845,15.45607662311625,16.660333635392995
292,26.95491790804551,27.856445312537613,29.254920959593033,[136.31671143 -48.87008667],[109.36179352 -48.86995316],[ 81.50534821 -48.86999893],[ 52.25042725 -48.87008286],13.49020004332879,14.28650283878959,15.554696084368672,16.898008347760033
293,26.875923157069916,27.72865295413935,29.113693237425647,[137.67007446 -48.87008667],[110.79415131 -48.86995316],[ 83.06549835 -48.86999893],[ 53.95180511 -48.87008286],13.571689606439914,14.353406906769635,15.638127328378603,17.104406358094927
294,26.798538208340407,27.59967041019421,28.961093902709486,[139.03144836 -48.87008667],[112.23291016 -48.86995316],[ 84.63323975 -48.86999893],[ 55.67214584 -48.87008286],13.649951935400217,14.41513061585856,15.707642556781582,17.28023910654904
295,26.722908020353067,27.470375061073298,28.798770904663296,[140.40048218 -48.87008667],[113.67757416 -48.86995316],[ 86.2071991  -48.86999893],[ 57.40842819 -48.87008286],13.725120544905646,14.472084999688704,15.764251710744794,17.426429749888154
296,26.649139404631335,27.341552734481446,28.628379821827156,[141.77684021 -48.87008667],[115.12770081 -48.86995316],[ 87.78614807 -48.87002945],[ 59.15776825 -48.87008286],13.797299385465472,14.524688721283448,15.809008600375904,17.544679643146125
297,26.57738494906583,27.213882446396006,28.451511383106762,[143.16026306 -48.87008667],[116.58287811 -48.86995316],[ 89.36899567 -48.87002945],[ 60.91748428 -48.87008286],13.866600990632167,14.573338509159061,15.843070031097133,17.636548997491705
298,26.50779724154718,27.088027954209004,28.269699096730132,[144.55052185 -48.87008667],[118.04272461 -48.86995316],[ 90.95469666 -48.87002945],[ 62.68499756 -48.87008286],13.933140754987738,14.61837101035028,15.867473603380379,17.703500749310912
299,26.440399170258974,26.964530944932154,28.084213256845263,[145.94728088 -48.87008667],[119.50688171 -48.86995316],[ 92.54235077 -48.87002945],[ 64.45813751 -48.87005234],13.997020721681293,14.660130501285312,15.883214951623708,17.752838136500557
300,26.375259399751993,26.843856811631856,27.896072387704702,[147.35029602 -48.87008667],[120.97503662 -48.86995316],[ 94.13117981 -48.87002945],[ 66.23510742 -48.87005234],14.058341980188318,14.698920250397975,15.89128780472856,17.77872467099523
301,26.312370300612628,26.726509094347175,27.70736694336883,[148.75930786 -48.87008286],[122.44693756 -48.86995316],[ 95.72042847 -48.87002945],[ 68.01306152 -48.87005234],14.117205619985358,14.735025406307694,15.892640114980905,17.777450562063017
302,26.25179290803524,26.612838745226547,27.519500732428483,[150.17410278 -48.87008286],[123.92230988 -48.86995316],[ 97.30947113 -48.87002945],[ 69.7899704  -48.87004852],14.173703193755086,14.768705368430162,15.88814258701293,17.76118850742434
303,26.193481445633612,26.503135681262158,27.333213806158998,[151.59440613 -48.87008286],[125.40092468 -48.86995316],[ 98.897789   -48.87002945],[ 71.5645752  -48.87004852],14.227927208017563,14.800194740647317,15.87863159318712,17.731323242332536
304,26.137413025224145,26.397666931262595,27.149673461920763,[153.02001953 -48.87008286],[126.88260651 -48.86995316],[100.48493958 -48.87002945],[ 73.33526611 -48.87004852],14.27996635441701,14.829713821726092,15.864908219923104,17.684764862131598
305,26.083633423174025,26.29661560069661,26.969940185553618,[154.45074463 -48.87008286],[128.36711121 -48.86995316],[102.07049561 -48.87002945],[ 75.10055542 -48.87004852],14.32990455630265,14.857458114903137,15.847667695791298,17.625804901147372
306,26.032058716143414,26.200134277454833,26.794723510748977,[155.8863678  -48.87008286],[129.85430908 -48.86995316],[103.6541748  -48.87002945],[ 76.85945129 -48.87004852],14.377819061294467,14.883602142577223,15.827593805277397,17.557518005374032
307,25.98262023958153,26.10832214384006,26.62475585938839,[157.32667542 -48.87008286],[131.34405518 -48.86995316],[105.23573303 -48.87007523],[ 78.61097717 -48.87004852],14.42378997803371,14.90830993673203,15.805297853612505,17.4794750213639
308,25.93527221714054,26.021232605284972,26.460708618177534,[158.77145386 -48.87008286],[132.83618164 -48.86994934],[106.81494904 -48.87007523],[ 80.35424042 -48.87004852],14.467900276185556,14.931723594840722,15.78133487735739,17.393331527727053
309,25.88998413120364,25.938873291359243,26.303153991721626,[160.2205658  -48.87008286],[134.33058167 -48.86994934],[108.39170837 -48.87008286],[ 82.08855438 -48.87004852],14.510214805603031,14.953967094512763,15.7562084201841,17.301481246996683
310,25.846679687844844,25.86122131382121,26.15248870851863,[161.67381287 -48.87008286],[135.82713318 -48.86994934],[109.96591187 -48.87008286],[ 83.81342316 -48.87004852],14.550814628602712,14.97515392310279,15.730382919417622,17.20474052438752
311,25.80526733432977,25.788246155130782,26.009132385276565,[163.13104248 -48.87008286],[137.32577515 -48.86994934],[111.53752899 -48.87008286],[ 85.52839661 -48.87004852],14.58977031708385,14.995387077373167,15.704254150431682,17.104093551793444
312,25.765747070658428,25.719856262553574,25.8733444214095,[164.59210205 -48.87008286],[138.82635498 -48.86994934],[113.10649872 -48.87008286],[ 87.2331543  -48.87004852],14.627144813551102,15.014759063742048,15.678174972541424,17.00109481834991
313,25.72793579136206,25.655960083355218,25.74536132814789,[166.05679321 -48.87008286],[140.32885742 -48.86994934],[114.67289734 -48.87008286],[ 88.92753601 -48.87004852],14.663004875206177,15.033342361458347,15.652461051941012,16.89677429231841
314,25.691802978862547,25.596427917828684,25.62531280519878,[167.5249939  -48.87008286],[141.83319092 -48.86994934],[116.236763   -48.87008286],[ 90.6114502  -48.87004852],14.697409629856566,15.051211357117863,15.627382278450364,16.791929245425248
315,25.657318115581763,25.541099548688813,25.513275146507475,[168.99658203 -48.87008286],[143.33926392 -48.86994934],[117.79816437 -48.87008286],[ 92.28488922 -48.87004852],14.730414390612415,15.068412780762241,15.60316371920382,16.687751770567537
316,25.62435913120721,25.489837646834047,25.409194946317697,[170.47138977 -48.87008286],[144.84703064 -48.86994934],[119.35719299 -48.87008286],[ 93.94799805 -48.87004471],14.76208305365245,15.085008621222375,15.579993248041008,16.58482170172413
317,25.592864990582637,25.44243621861204,25.313095092802183,[171.94927979 -48.87008286],[146.35641479 -48.86994934],[120.91397858 -48.87008286],[ 95.60088348 -48.87004471],14.792458534320994,15.101040840168602,15.558025360202157,16.483589173313433
318,25.562759399762736,25.398742676132176,25.224838256864782,[173.43013    -48.87008286],[147.86737061 -48.86994934],[122.46862793 -48.87008286],[ 97.24378967 -48.87004471],14.821591377356302,15.116543769876802,15.537384987023103,16.385040284317732
319,25.533981323591252,25.35858154332023,25.144264221220343,[174.91384888 -48.87008286],[149.37986755 -48.86994934],[124.02128601 -48.87008286],[ 98.87702179 -48.87004471],14.849541664240295,15.131545066902719,15.51815891286755,16.289749146826004
320,25.50645446812288,25.321716308966142,25.07118988040621,[176.40028381 -48.87008286],[150.89382935 -48.86994934],[125.57211304 -48.87008667],[100.50092316 -48.87004471],14.87635135664202,15.146079063521565,15.500418663311466,16.198009492494844
321,25.48014831577949,25.287940979376796,25.005401611363332,[177.88935852 -48.87008286],[152.40921021 -48.86994934],[127.12126923 -48.87008667],[102.11586761 -48.87004471],14.90206146255776,15.160162925873056,15.484192848683346,16.110273362941523
322,25.454910278670464,25.257110596076473,24.94659423828854,[179.38088989 -48.87008286],[153.92597961 -48.86994934],[128.66886902 -48.87008667],[103.72227478 -48.8700676 ],14.926723480399732,15.173821449488292,15.469515801076877,16.026933671986455
323,25.430786133162982,25.229003906623763,24.89447784424559,[180.87487793 -48.87008286],[155.4440918  -48.86994934],[130.21508789 -48.87008667],[105.32061005 -48.8700676 ],14.950373649791926,15.187055588042957,15.456369400790859,15.94817829235357
324,25.407653808944552,25.20343017615539,24.84876251221435,[182.37117004 -48.87008286],[156.96351624 -48.86994934],[131.76008606 -48.87008667],[106.91132355 -48.8700676 ],14.973052978729598,15.199894905441159,15.444747925757895,15.874191285319915
325,25.385467529647983,25.180206299202613,24.809097290046395,[183.86965942 -48.87008286],[158.48419189 -48.86994934],[133.3039856  -48.87008667],[108.49488831 -48.8700676 ],14.994809150929123,15.212341309032944,15.434618951049101,15.805145264731486
326,25.364257812851402,25.15911865271855,24.775093078620625,[185.37033081 -48.87008286],[160.006073   -48.86994934],[134.84695435 -48.87008667],[110.07186127 -48.8700676 ],15.015672683967095,15.224406242908584,15.425920487837613,15.741100312280823
327,25.343811035507937,25.140029907601647,24.74645996094485,[186.87297058 -48.87008286],[161.52915955 -48.86994934],[136.38912964 -48.87008667],[111.64266968 -48.8700676 ],15.035672188073642,15.236105919534406,15.418619157522718,15.682074547789181
328,25.324157715216106,25.122726440826174,24.72278594971439,[188.37754822 -48.87008286],[163.0533905  -48.86994553],[137.93066406 -48.87008667],[113.20787811 -48.8700676 ],15.054858207987557,15.2474231727714,15.412646295556574,15.628061295520272
329,25.30534362830232,25.10710144059661,24.703742980975882,[189.88409424 -48.87008286],[164.57875061 -48.86994553],[139.47164917 -48.87003708],[114.76790619 -48.8700676 ],15.07325077086814,15.25838375197986,15.407911302882095,15.577892304428948
330,25.287216186896337,25.092956543135767,24.689064025897768,[191.39239502 -48.87008286],[166.10517883 -48.86994553],[141.01222229 -48.87003708],[116.32315826 -48.8700676 ],15.090878486946796,15.268991471567432,15.40435314215079,15.533073426249661
331,25.269760132209097,25.080093383956164,24.678207397479806,[192.90237427 -48.87008286],[167.63261414 -48.86994553],[142.55252075 -48.87003708],[117.87431335 -48.8700676 ],15.10778331789164,15.279236794965644,15.401896477233763,15.494421006197006
332,25.252960205451533,25.06848144547968,24.670783996600907,[194.4140625  -48.87008286],[169.16110229 -48.86994553],[144.09262085 -48.87003708],[119.42183685 -48.8700676 ],15.12397670779481,15.289138795625156,15.400440216424084,15.459803582171478
333,25.236740112678334,25.05790710465944,24.66657257081966,[195.92730713 -48.87008286],[170.69056702 -48.86994553],[145.63265991 -48.87003708],[120.96608734 -48.8700676 ],15.139506340371783,15.298698427218866,15.39990425137723,15.42921924682629
334,25.221160888824485,25.048263549839834,24.66516113283138,[197.4420929  -48.87008286],[172.22093201 -48.86999512],[147.17266846 -48.87003708],[122.50750732 -48.8700676 ],15.15438175236603,15.307902338310281,15.40021610284352,15.402150155008986
335,25.20611572280895,25.039443969761724,24.666313171405598,[198.95831299 -48.87008286],[173.75219727 -48.86999512],[148.7127533  -48.87003708],[124.04644012 -48.8700676 ],15.168638229726973,15.316781044338112,15.401273727648114,15.379540444286935
336,25.191558838030417,25.031417846708756,24.669555664081376,[200.47593689 -48.87008286],[175.28437805 -48.86999893],[150.25296021 -48.87003708],[125.58340454 -48.8700676 ],15.182294845941612,15.325327873658754,15.402991295090438,15.361918450237951
337,25.177520752092995,25.0239562988572,24.674629211444653,[201.99487305 -48.87008286],[176.81735229 -48.86999893],[151.793396   -48.87003708],[127.11876678 -48.8700676 ],15.195374489192021,15.33353614828564,15.405308723683014,15.347352028692884
338,25.163955688616507,25.01707458499002,24.681243896503243,[203.5151062  -48.87008286],[178.35115051 -48.86999893],[153.33407593 -48.87003708],[128.65283203 -48.8700676 ],15.207903862359885,15.341417312760523,15.408134460689,15.335733414457124
339,25.150863647600953,25.010620117216593,24.689163208026674,[205.03657532 -48.87008286],[179.88571167 -48.86999893],[154.87509155 -48.87003708],[130.18592834 -48.8700676 ],15.219898224235521,15.348985672088357,15.411383629092086,15.327525139574377
340,25.138183593890087,25.00457763674785,24.698059082050104,[206.55918884 -48.87008286],[181.42100525 -48.86999893],[156.41642761 -48.87003708],[131.71836853 -48.8700676 ],15.23138523137189,15.356237411563761,15.414996147412127,15.322044373233513
341,25.125915527483908,24.99888610842754,24.707748413104785,[208.08294678 -48.87008286],[182.95703125 -48.86999893],[157.95814514 -48.87003708],[133.25039673 -48.8700676 ],15.242380142558554,15.363174438524752,15.418901443748307,15.318861008318818
342,25.114028930804285,24.99346923831036,24.71806335451603,[209.60774231 -48.87008286],[184.49371338 -48.86999893],[159.50024414 -48.87003708],[134.78218079 -48.87007141],15.252900123934424,15.369805336034803,15.423031807224673,15.317322731600266
343,25.10256958021841,24.988265991240056,24.728836059594144,[211.13362122 -48.87008286],[186.03105164 -48.86999893],[161.04278564 -48.87003708],[136.31394958 -48.87007141],15.262975693076958,15.376142501857842,15.427321434312772,15.318181992003847
344,25.091476440570037,24.983245849638497,24.739822387719133,[212.66047668 -48.87008286],[187.56900024 -48.86999893],[162.58575439 -48.87003708],[137.84593201 -48.87007141],15.2726106646838,15.382186889667523,15.431733131714294,15.321664810562043
345,25.080703735491973,24.97834777834944,24.750823974633185,[214.18823242 -48.87008286],[189.10752869 -48.86999893],[164.12918091 -48.87003708],[139.37835693 -48.87007141],15.281822204892054,15.387948036206568,15.436207771622621,15.326400757156353
346,25.070281982562342,24.973571777372886,24.761734008812862,[215.71690369 -48.87008286],[190.6466217  -48.86999893],[165.67304993 -48.87003708],[140.91131592 -48.87007141],15.290638923932322,15.393425941474966,15.440696716647222,15.332270622516099
347,25.060180664203024,24.968902587919764,24.772430419945664,[217.2464447  -48.87008286],[192.18626404 -48.86999893],[167.21736145 -48.87003708],[142.44493103 -48.87007141],15.299072265894637,15.398631095890138,15.44515800511726,15.339503288480515
348,25.05039978041402,24.96426391604477,24.782806396508157,[218.77679443 -48.87008286],[193.72639465 -48.86999893],[168.76213074 -48.87003708],[143.97932434 -48.87007141],15.307116508735932,15.40357875824119,15.449555397409824,15.347657203839894
349,25.040893554828134,24.959701538115088,24.79277038576596,[220.30792236 -48.87008286],[195.26702881 -48.86999893],[170.30732727 -48.87003708],[145.51455688 -48.87007141],15.31481456779898,15.408269882202319,15.453859329621537,15.356184005862834
350,25.031738281390684,24.955123901396345,24.802291870140948,[221.83981323 -48.87008286],[196.80807495 -48.86999893],[171.85295105 -48.87003708],[147.05065918 -48.87007141],15.322175026152859,15.412704467773574,15.458030701104715,15.365475654691389
351,25.022842407367296,24.950592041044786,24.81124877932063,[223.37242126 -48.87008286],[198.34957886 -48.86999893],[173.39898682 -48.87003708],[148.58773804 -48.87007141],15.329199791146777,15.416906356812834,15.462055206744687,15.375563621579186
352,25.014236450336096,24.946075439482293,24.81953430178156,[224.90571594 -48.87008286],[199.89147949 -48.86999893],[174.94540405 -48.87003708],[150.12586975 -48.87007141],15.33589839952407,15.420876502994396,15.465913773055718,15.385756492648206
353,25.005905151508017,24.941558837919796,24.82720947267999,[226.43966675 -48.87008286],[201.4337616  -48.86999893],[176.49220276 -48.87003708],[151.66499329 -48.87007141],15.342302322537694,15.424608230597999,15.469584465527669,15.39601421357681
354,24.997802734515876,24.937057495146366,24.834182739281545,[227.97422791 -48.87008286],[202.97642517 -48.86999893],[178.03936768 -48.87003708],[153.20518494 -48.87007141],15.348412513862137,15.428124427807386,15.473052979047106,15.40643119812361
355,24.989959716937793,24.932556152372932,24.840469360375288,[229.50938416 -48.87008286],[204.51942444 -48.86999893],[179.58686829 -48.87003708],[154.74639893 -48.87007141],15.354240417588906,15.43144130708572,15.476305008498475,15.416748046875023
356,24.9824066163519,24.928070068388564,24.846023559594034,[231.0451355  -48.87008286],[206.06272888 -48.86999893],[181.13465881 -48.87003708],[156.28863525 -48.87007141],15.359799385159377,15.434551239038608,15.479340553882352,15.426819801335526
357,24.975036621234754,24.923599243193255,24.85092163088309,[232.58140564 -48.87008286],[207.60636902 -48.86999893],[182.68276978 -48.87003708],[157.83184814 -48.87007141],15.365087509225017,15.437467575106337,15.482151985804089,15.436663627643703
358,24.967926025531668,24.91912841799795,24.85508728029715,[234.11817932 -48.87008286],[209.1502533  -48.86999893],[184.23112488 -48.87003708],[159.3760376  -48.87007141],15.370130538992745,15.440200805706404,15.484729767520776,15.446192741437166
359,24.961029052875457,24.91470336916983,24.858566284203395,[235.65545654 -48.87008286],[210.69442749 -48.86999893],[185.77972412 -48.87003708],[160.92115784 -48.87007141],15.374934196508919,15.442749977164688,15.48707103800941,15.455293655473014
360,24.95434570326612,24.910308837919832,24.861373901390895,[237.19319153 -48.87008286],[212.23884583 -48.86999893],[187.32853699 -48.87003708],[162.46716309 -48.87007141],15.379506111168453,15.445127487247081,15.489193917081803,15.463941574219609
361,24.947921753070844,24.9059295654589,24.863540649437766,[238.73139954 -48.87008286],[213.78347778 -48.86999893],[188.87754822 -48.87003708],[164.01400757 -48.87007141],15.38385963441208,15.447343826370941,15.491091729018999,15.47211742419154
362,24.941711425922442,24.901535034208905,24.865142822294885,[240.27001953 -48.87008286],[215.32830811 -48.86999893],[190.42677307 -48.87003708],[165.56163025 -48.87007523],15.387998580937527,15.449399948211004,15.492769242191432,15.479762077582025
363,24.935668945453727,24.897201538115162,24.86614990237301,[241.809021   -48.87008286],[216.87335205 -48.86999893],[191.97615051 -48.87003708],[167.11000061 -48.87007523],15.391928672791193,15.451313018904534,15.494228363948663,15.486849785278793
364,24.929824829242822,24.89295959475579,24.86657714846676,[243.34841919 -48.87008286],[218.41859436 -48.86999893],[193.52563477 -48.87003708],[168.65905762 -48.87007523],15.39565563201946,15.453079223754369,15.495475770009664,15.493375778736606
365,24.92417907728973,24.888717651396423,24.866531372099573,[244.88815308 -48.87008286],[219.963974   -48.86999893],[195.07525635 -48.87003708],[170.20872498 -48.87007523],15.399196624760481,15.45469570173767,15.49652958018897,15.499330521319262
366,24.918762207172573,24.884567260771426,24.865982055693323,[246.42826843 -48.87008286],[221.50950623 -48.86999893],[196.62493896 -48.87003708],[171.75895691 -48.87007523],15.40255832673503,15.456186294712374,15.497386933461721,15.504701615238615
367,24.91349792494604,24.880462646513617,24.865036010771448,[247.96870422 -48.87008286],[223.0552063  -48.86999893],[198.17474365 -48.87003708],[173.30970764 -48.87007523],15.405741691617939,15.457563400444212,15.498056412898453,15.509493828863619
368,24.908401489399193,24.876495361357374,24.863647460966764,[249.50944519 -48.87008286],[224.6010437  -48.86999893],[199.72454834 -48.87003708],[174.86090088 -48.87007523],15.408757209827305,15.458816528516259,15.498553277287314,15.5137166989384
369,24.90350341811016,24.872619628935503,24.861877441435517,[251.05047607 -48.87008286],[226.14697266 -48.86999893],[201.27435303 -48.87003708],[176.41247559 -48.87007523],15.411609649735137,15.459956169345851,15.498888017046125,15.517370225468374
370,24.89874267591012,24.868820190453388,24.859848022490205,[252.59179688 -48.87008286],[227.6930542  -48.87000275],[202.82423401 -48.87003708],[177.96438599 -48.87007523],15.414307594411053,15.460990906001351,15.499069215244166,15.520613672058543
371,24.890731811652348,24.864944458031516,24.857620239276546,[254.12991333 -48.87008286],[229.23918152 -48.87000275],[204.37423706 -48.87003708],[179.51661682 -48.8700676 ],15.322056770476904,15.46192550693872,15.499112130670234,15.523505212848
372,24.864410400519674,24.860748291039332,24.85511779785888,[255.64936829 -48.87008286],[230.78495789 -48.87000275],[205.92420959 -48.87003708],[181.0690918  -48.87001801],15.077178955262431,15.450542450327276,15.49901294862677,15.525867464416407
373,24.81262207044182,24.853775024437777,24.852218627937006,[257.14041138 -48.87008286],[232.32778931 -48.87000275],[207.47401428 -48.87003708],[182.62179565 -48.87001801],14.770721435744662,15.403217316094851,15.497200967516465,15.527422905324462
374,24.73599243177034,24.840194702172163,24.848800659187006,[258.59951782 -48.87008286],[233.86352539 -48.87000275],[209.02333069 -48.87003708],[184.17453003 -48.87001801],14.4432859422705,15.31486702011095,15.488526346027236,15.528165817700978
375,24.637054443489614,24.817428588890934,24.843750000010544,[260.02560425 -48.87008286],[235.3885498  -48.87000275],[210.57112122 -48.87003708],[185.72737122 -48.87001419],14.11265373247663,15.19383239793883,15.467352868947966,15.528429031659506
376,24.51908874524805,24.78375244143003,24.835922241221486,[261.41885376 -48.87008286],[236.89976501 -48.87000275],[212.11601257 -48.87003708],[187.28009033 -48.87001419],13.786571502843294,15.040406227595156,15.4310779590638,15.524960518011286
377,24.38606262220189,24.73757934570342,24.824172973637502,[262.77990723 -48.87008286],[238.3938446  -48.87000275],[213.65626526 -48.86999893],[188.83209229 -48.87001419],13.468297004839366,14.855265617844205,15.377378465738499,15.515110969627544
378,24.24174499524955,24.677810668945607,24.807250976567193,[264.10964966 -48.87008286],[239.86790466 -48.87000275],[215.19009399 -48.86999893],[190.38284302 -48.87001419],13.1590948106105,14.644183159327014,15.302912712556127,15.501072883658047
379,24.089385986461323,24.60433959960967,24.783309936528134,[265.40899658 -48.87008286],[241.3196106  -48.87000275],[216.715271   -48.86999893],[191.93196106 -48.87001419],12.8593463898832,14.41086959880865,15.205989838119931,15.483230590851843
380,23.93196105970439,24.517501831055874,24.75085449219485,[266.67889404 -48.87008286],[242.74693298 -48.87000275],[218.22943115 -48.86999512],[193.47857666 -48.87001419],12.569058418378543,14.157526970290823,15.086213112173873,15.448142051714758
381,23.772277832166225,24.417617797852753,24.70996093750736,[267.92025757 -48.87008286],[244.14797974 -48.87000275],[219.73036194 -48.86999512],[195.020401   -48.87001419],12.288055420020797,13.887774467804842,14.942850113030243,15.393228530892033
382,23.612731933729638,24.305648803712135,24.6594543457105,[269.13400269 -48.87008286],[245.52127075 -48.87000275],[221.21562195 -48.86999512],[196.5561676  -48.87001419],12.016106605625703,13.604981422715488,14.775689125114662,15.326834678651917
383,23.455429077298575,24.18278503417999,24.598403930671456,[270.32110596 -48.87008286],[246.86567688 -48.86999893],[222.68289185 -48.86999512],[198.08448792 -48.87001419],11.75295352945004,13.311604500062517,14.585497856154559,15.244182586669929
384,23.30207824729794,24.05033874511749,24.526611328132418,[271.48236084 -48.87010193],[248.18028259 -48.86999893],[224.12994385 -48.86999512],[199.60333252 -48.87001419],11.499238967897108,13.010230064531653,14.373165130615414,15.140551567080578
385,23.154312134196314,23.90988159179718,24.443817138679318,[272.61877441 -48.87013626],[249.46446228 -48.86999893],[225.55458069 -48.86999512],[201.11076355 -48.87001419],11.254887580980627,12.7034807206317,14.139735221871032,15.01794433594955
386,23.013351440773988,23.762985229492493,24.349929809577784,[273.73114014 -48.87012482],[250.7177887  -48.86999893],[226.95480347 -48.86999512],[202.60487366 -48.87001419],11.01674747610692,12.393603324967453,13.886741638221864,14.875601768522142
387,22.87976074241933,23.61146545410187,24.245132446296566,[274.81994629 -48.87010193],[251.94018555 -48.86999893],[228.32872009 -48.86999512],[204.08358765 -48.87001419],10.783743859392517,12.085492134144856,13.615934372039227,14.711287498527868
388,22.754028320467267,23.457077026367497,24.130035400398164,[275.88580322 -48.87008286],[253.1317749  -48.86999893],[229.67469788 -48.86999512],[205.54466248 -48.87001419],10.556439400318661,11.775135040342283,13.329450607466304,14.525407791227023
389,22.63647460953057,23.301483154297188,24.00526428223414,[276.92919922 -48.87008286],[254.29272461 -48.86999893],[230.99124146 -48.86999512],[206.98597717 -48.87001419],10.334935188649165,11.468897819956657,13.02902793910682,14.318535804884872
390,22.52735900895992,23.146408081055,23.871627807624808,[277.95080566 -48.87008667],[255.42344666 -48.86999893],[232.27703857 -48.86999512],[208.40541077 -48.87001419],10.1191549306181,11.163759231574986,12.716597557451292,14.090513229566557
391,22.427520752124742,22.992507934573162,23.73013305665565,[278.95108032 -48.87008667],[256.52355957 -48.86999893],[233.53105164 -48.86998749],[209.80091858 -48.87001419],9.908942223233122,10.857330322297635,12.394226074740809,13.84196472194971
392,22.33740234393762,22.841003417971617,23.58180236817918,[279.9307251  -48.87009048],[257.59332275 -48.86999893],[234.75231934 -48.86998749],[211.17051697 -48.87001419],9.704108239014788,10.555530548180728,12.062951088904583,13.574024200796858
393,22.256835937630765,22.693191528323197,23.427795410171466,[280.8901062  -48.87007523],[258.63327026 -48.86999893],[235.94007874 -48.86998749],[212.51228333 -48.87001419],9.50445842869995,10.259674072390425,11.723948479763983,13.287595749361223
394,22.185882568490555,22.54954528808884,23.269882202159692,[281.82977295 -48.87007523],[259.64389038 -48.86999893],[237.09434509 -48.86998749],[213.82446289 -48.87001038],9.30980110212438,9.968786239781227,11.38884449102767,12.983684540371671
395,22.12448120130342,22.41058349609667,23.10984802247227,[282.75027466 -48.87007523],[260.62579346 -48.86999893],[238.21520996 -48.86998749],[215.10536194 -48.87001038],9.119951249011338,9.683875084096513,11.047548295607156,12.664776802902985
396,22.072448730628295,22.2782135009795,22.947738647472352,[283.65206909 -48.87008286],[261.57962036 -48.86999893],[239.30140686 -48.86998749],[216.35366821 -48.87001038],8.934729577178382,9.405932426644549,10.697470666950105,12.332456589721016
397,22.029449463050483,22.153488159182643,22.784606933605247,[284.53555298 -48.87008286],[262.50610352 -48.86999893],[240.35261536 -48.86998749],[217.56800842 -48.87001038],8.753966333478102,9.135093689174191,10.348412516031539,11.986537934502646
398,21.99536132829999,22.03680419922172,22.621978759777203,[285.40127563 -48.87008667],[263.40591431 -48.86999893],[241.36911011 -48.86998749],[218.74713135 -48.87001038],8.577496530764805,8.871579170452302,10.001419069962987,11.628411294272126
399,21.969726562632474,21.928771972661558,22.4601135254065,[286.24951172 -48.87007523],[264.27978516 -48.86999893],[242.35101318 -48.86998367],[219.89089966 -48.87001038],8.405164721626083,8.615758896114526,9.655222895600161,11.27318859214548
400,21.952117920082294,21.830123901379185,22.299789428713876,[287.08071899 -48.87008286],[265.12860107 -48.86999893],[243.29847717 -48.87002182],[220.99868774 -48.87001038],8.236823084086264,8.36782169367467,9.312019351938982,10.903107644823377
401,21.942260742320137,21.741180419943294,22.14321899414884,[287.89532471 -48.87007523],[265.95306396 -48.86999893],[244.21188354 -48.87002945],[222.06866455 -48.87001038],8.072330478813418,8.127855301170744,8.973519325700867,10.520102502992703
402,21.939727783378558,21.662170410183457,21.991531372078583,[288.69369507 -48.87008286],[266.75396729 -48.86999512],[245.09179688 -48.87002945],[223.1002655  -48.87001038],7.9115481409712745,7.895943641941385,8.640238762605962,10.135265352682456
403,21.94396972664738,21.593444824246042,21.845382690438015,[289.47613525 -48.87005615],[267.53216553 -48.86999512],[245.9387207  -48.87002945],[224.09333801 -48.87001038],7.754348760267463,7.672123432602542,8.3130054483295,9.747878077200799
404,21.954620361402693,21.535095214871117,21.7057800293133,[290.24307251 -48.87005234],[268.28845215 -48.86999512],[246.75335693 -48.87002945],[225.0475769  -48.87000275],7.600606920639393,7.456375599310182,7.992810727137243,9.358827593768439
405,21.971221923902636,21.48713684084774,21.57331848145071,[290.99484253 -48.87005234],[269.02362061 -48.86999512],[247.53648376 -48.87002945],[225.96316528 -48.87004471],7.450204375829494,7.248636246139544,7.680377007514028,8.97380066325385
406,21.99328613287734,21.449691772488414,21.448043823329034,[291.73178101 -48.87004852],[269.73849487 -48.86999512],[248.2888031  -48.87002945],[226.84075928 -48.87009048],7.303027634184652,7.048823833891559,7.376311303181126,8.598139767947421
407,22.02032470704744,21.422561645535325,21.33033752452458,[292.45413208 -48.87002182],[270.43380737 -48.86999512],[249.01124573 -48.87002945],[227.6809082  -48.87009811],7.158968453122719,6.856813908063057,7.081203461700313,8.222507477079184
408,22.05187988282867,21.405593872097846,21.22084045422534,[293.16223145 -48.87002182],[271.11035156 -48.86999512],[249.70475769 -48.87002945],[228.48391724 -48.87010193],7.017923357203051,6.672459125970384,6.795568467200347,7.854122639168375
409,22.087432861344265,21.398727417019728,21.11976623547593,[293.85641479 -48.87002182],[271.76898193 -48.86999512],[250.37025452 -48.87002945],[229.25048828 -48.87010193],6.879792217161994,6.495584965213376,6.519829751078517,7.491213798888398
410,22.126678466808713,21.401519775418162,21.02757263196085,[294.53695679 -48.87001801],[272.41027832 -48.86999512],[251.00875854 -48.87002945],[229.98118591 -48.87010193],6.744479660684936,6.325986862651338,6.254347325387061,7.135064125379369
411,22.1690673828125,21.413635253933773,20.94471740735197,[295.20407104 -48.86999512],[273.03500366 -48.86999512],[251.62136841 -48.87002945],[230.676651   -48.87010193],6.611896042653458,6.1634588246340565,5.999421120701251,6.785740852583533
412,22.2142333984375,21.434814453152494,20.871383667118035,[295.85812378 -48.86999512],[273.64389038 -48.86999512],[252.20907593 -48.87002945],[231.33769226 -48.87010193],6.481954577207728,6.007762909418706,5.755272866300484,6.4438018800365775
413,22.261718750000327,21.464553833035268,20.80804443371998,[296.4992981  -48.86999893],[274.23757935 -48.86999512],[252.77302551 -48.87002945],[231.96498108 -48.87010193],6.354568962565273,5.858654022704838,5.522070885696208,6.109726429083391
414,22.311187744145844,21.50245666506647,20.7548522950621,[297.12789917 -48.86997986],[274.81671143 -48.86999512],[253.31425476 -48.87002945],[232.55940247 -48.87010574],6.229660993551885,5.71587562610326,5.299914837862624,5.784135818539467
415,22.36221313477376,21.547988891628915,20.712097168109267,[297.74411011 -48.86997604],[275.38189697 -48.86999512],[253.83390808 -48.87002945],[233.12181091 -48.87010574],6.107151511980383,5.579160690801794,5.088857174881055,5.467715740207831
416,22.41439819336749,21.597885131863226,20.68269348158603,[298.34817505 -48.86997604],[275.93377686 -48.86999512],[254.33589172 -48.87002945],[233.65319824 -48.87010574],5.9869751978724075,5.44823789646339,5.003450394655372,5.161244869234544
417,22.467529296921633,21.64170837405067,20.701141357562467,[298.94036865 -48.86994934],[276.47283936 -48.86999512],[254.83113098 -48.87002945],[234.12998962 -48.87010574],5.8690524161397795,5.322820187112582,4.888602734556288,3.909717321395874
418,22.521179199239427,21.688476562527175,20.82160949721009,[299.52087402 -48.8699646 ],[276.99969482 -48.86999512],[255.31121826 -48.87002945],[234.48960876 -48.87010574],5.753320697282617,5.202628136180343,4.7238411912456195,3.626980304721069
419,22.575164794942502,21.740280151394295,20.91844177260007,[300.0899353 -48.8699646],[277.51477051 -48.86999512],[255.77449036 -48.87002945],[234.85604858 -48.87010574],5.639719017413135,5.087372303507838,4.5630974778298645,3.6504604816561823
420,22.62774658205183,21.797210693386415,21.009506225724465,[300.6477356 -48.8699646],[278.01998901 -48.86999512],[256.22277832 -48.87002945],[235.21327209 -48.87010574],5.528183468467077,5.0682392125475,4.417912007211227,3.488656759288071
421,22.670440673848667,21.866973876980076,21.10090637220824,[301.19451904 -48.8699646 ],[278.52407837 -48.86999512],[256.65710449 -48.87002945],[235.55619812 -48.87010574],5.4186616037276645,5.005400181318968,4.283702851139298,3.3931629658182474
422,22.70599365236426,21.945678710964355,21.188339233535796,[301.73046875 -48.8699646 ],[279.0244751  -48.86999512],[257.07879639 -48.87002945],[235.89045715 -48.87010574],5.311093817962565,4.9889512067057815,4.1628508575444,3.287948131626305
423,22.735260009781307,22.031188964870502,21.276550293105537,[302.25576782 -48.86996841],[279.52050781 -48.86999512],[257.48931885 -48.87002945],[236.21276855 -48.87010574],5.20542670533249,4.917743683351137,4.057779312872014,3.1632289887352285
424,22.764801025406285,22.1157836914329,21.367492675917457,[302.77056885 -48.86996841],[280.00576782 -48.86999512],[257.88998413 -48.87002945],[236.52249146 -48.87010574],5.101614013516877,4.802834034445275,3.962996960399486,3.041940927619089
425,22.794036865250018,22.19970703127655,21.46055603040905,[303.27511597 -48.86996841],[280.4810791  -48.86999512],[258.28137207 -48.87002945],[236.82081604 -48.87010574],4.999603765194119,4.71661615418922,3.870168448177522,2.931781768937687
426,22.832916260594462,22.28439331057332,21.555252075330333,[303.78097534 -48.86980057],[280.94805908 -48.86999512],[258.66366577 -48.87002945],[237.1084137  -48.87010574],5.013147788958368,4.627909660801674,3.783869744006265,2.826472997828464
427,22.876953129811742,22.368103027370097,21.652099609523194,[304.28292847 -48.86952591],[281.40597534 -48.86999512],[259.03787231 -48.87002945],[237.38577271 -48.87010956],5.021317754646293,4.542822361444159,3.7055587774900633,2.7274050714517397
428,22.928558351795473,22.45208740237,21.750778198389707,[304.78515625 -48.8696785 ],[281.8565979  -48.86999512],[259.4045105  -48.87002945],[237.6537323  -48.87010956],4.984912614829462,4.478815556020635,3.6318256861105995,2.636996507972027
429,22.984954835625388,22.5370483398699,21.851074218896844,[305.28613281 -48.86972046],[282.30117798 -48.86999512],[259.76412964 -48.87002945],[237.91305542 -48.87010956],5.0180012939807845,4.418538570848345,3.5649828916691746,2.554123878757497
430,23.04626465134709,22.622467041041677,21.953018188622725,[305.78625488 -48.86962891],[282.73999023 -48.86999512],[260.11752319 -48.87002945],[238.164505   -48.87010956],4.984223095349972,4.366940975623651,3.5059227949091456,2.4784958365643543
431,23.11257936025499,22.708923339869703,22.05653381362204,[306.28689575 -48.86917496],[283.17431641 -48.86999512],[260.46539307 -48.87002945],[238.40885925 -48.87010956],5.051977335767912,4.325393200350655,3.453367949078498,2.4108667377051796
432,23.18621829672561,22.796661376978978,22.16151428237135,[306.79125977 -48.86872101],[283.6050415  -48.86999512],[260.80838013 -48.87002945],[238.64686584 -48.87010956],5.027148851120258,4.296924114652019,3.4080679421945215,2.351245880501371
433,23.27041631974946,22.886260986353875,22.26791381850347,[307.30395508 -48.86832428],[284.03353882 -48.86999512],[261.14727783 -48.87002945],[238.87936401 -48.87010956],5.234660272946289,4.275880814018094,3.3710436826064254,2.299513101985427
434,23.38894662058699,22.977935791041272,22.3758544923309,[307.84985352 -48.86797333],[284.46090698 -48.86999512],[261.48297119 -48.87002945],[239.1071167  -48.87010956],5.611088115932969,4.280521393240207,3.3421156411299022,2.2559683327368103
435,23.53692638531384,23.07543945315054,22.48527526869739,[308.42861938 -48.86766052],[284.89169312 -48.86999512],[261.81625366 -48.87002945],[239.33097839 -48.87010956],5.893547115914501,4.340855122027072,3.3229668145155635,2.2208421235214044
436,23.701019428643995,23.182464599634798,22.596588134907623,[309.03186035 -48.86740494],[285.33084106 -48.86999512],[262.14837646 -48.87002945],[239.55178833 -48.87010956],6.136710457744775,4.4363117222183055,3.3193228249412656,2.194361448817082
437,23.882476969437306,23.299377441431545,22.710830688617847,[309.6630249  -48.86720657],[285.7805481  -48.86999512],[262.48117065 -48.87002945],[239.77033997 -48.87010956],6.4423862863418675,4.54974174540925,3.3345580105532835,2.1738197809247115
438,24.083343682203136,23.425781250025157,22.829177856585865,[310.32565308 -48.86708069],[286.24230957 -48.86999512],[262.81652832 -48.87002945],[239.98735046 -48.87010956],6.750475916609054,4.673615932878644,3.3681457047061207,2.165308237703943
439,24.298950379362054,23.56201171877501,22.951782226702303,[311.01721191 -48.86700439],[286.71826172 -48.86999512],[263.15625    -48.87002945],[240.20446777 -48.87010956],7.03173017610463,4.842724323685495,3.419908762409754,2.172942400670919
440,24.522369568536718,23.712280273462355,23.079254150529653,[311.73696899 -48.86699295],[287.21459961 -48.86999512],[263.50231934 -48.87002945],[240.42306519 -48.87010956],7.318839567838253,5.065504551347912,3.4939842228321027,2.1928367622282545
441,24.757904228338724,23.87084960941889,23.21295166029448,[312.48605347 -48.86703491],[287.72814941 -48.86998367],[263.8572998  -48.87002945],[240.64434814 -48.87010956],7.612983776364918,5.125195980235386,3.5960621837917603,2.226253510357823
442,25.025329752081365,24.015655517621752,23.353271484539814,[313.26416016 -48.86713409],[288.23883057 -48.86998367],[264.22317505 -48.87002945],[240.86990356 -48.87011719],7.8999334928778335,5.15232945522461,3.7056398395724073,2.276773215272172
443,25.301788479567204,24.169158935547177,23.49848938004661,[314.07064819 -48.86728287],[288.76885986 -48.87003326],[264.59970093 -48.87002945],[241.10121155 -48.87011719],8.183868646310875,5.487803957336902,3.8108806613999526,2.3387613306863537
444,25.562866344883222,24.354522705154604,23.648727417154944,[314.90557861 -48.8674736 ],[289.3427124  -48.87009048],[264.9881897  -48.87002945],[241.33946228 -48.87011719],8.469128918484788,5.94300222868102,3.953343153379905,2.4165687573056753
445,25.81277476620636,24.56130981447712,23.807815551919482,[315.76867676 -48.86770248],[289.9559021  -48.87006378],[265.39459229 -48.87002945],[241.58677673 -48.87011719],8.745223402428103,6.291892548797718,4.160089493167214,2.5169055475567785
446,26.05343637195214,24.78167724634067,23.978088379066772,[316.6585083  -48.86794281],[290.60507202 -48.87014008],[265.82339478 -48.87002945],[241.8453064  -48.87011719],9.007107147537377,6.660873466419346,4.3903174403895555,2.639863731043502
447,26.2819214656621,25.01626586986775,24.15838623062807,[317.57403564 -48.86818314],[291.29211426 -48.87022018],[266.27584839 -48.87002945],[242.11746216 -48.87011719],9.261244184464234,7.078255683691427,4.639352321967018,2.7872269171755892
448,26.494537417847255,25.264495850788986,24.34977722183776,[318.51452637 -48.86842728],[292.01998901 -48.87027359],[266.75549316 -48.87002945],[242.40571594 -48.87011719],9.507934920591556,7.464277277933621,4.932325840323026,2.959293129165089
449,26.692871144855857,25.520019532984595,24.55358886734426,[319.47912598 -48.86867523],[292.78625488 -48.870327  ],[267.26623535 -48.87002945],[242.71264648 -48.87011719],9.744573905720657,7.850117688144181,5.2310094836386245,3.158832075679038
450,26.873962440012058,25.80560302928612,24.7462310792571,[320.46685791 -48.86892319],[293.59289551 -48.87034607],[267.78729248 -48.87002945],[243.0410614  -48.87011719],9.972356097080219,8.2632427220677,5.218900203971975,3.385979178481464
451,27.03601076957352,26.11953735548117,24.929367065597802,[321.47689819 -48.869133  ],[294.44088745 -48.87034988],[268.3213501  -48.87002945],[243.39198303 -48.870121  ],10.19244975535478,8.668753623976903,5.46648407007225,3.5999264751201587
452,27.180206318054925,26.43264770711398,25.1317749024969,[322.5085144  -48.86933899],[295.32830811 -48.87036133],[268.8956604  -48.87003326],[243.7638855 -48.870121 ],10.4043161265452,9.05639648461789,5.9731540682262025,3.8207163855987574
453,27.306518567119223,26.728912355623642,25.36576843278241,[323.56082153 -48.86954117],[296.25430298 -48.87036514],[269.52539062 -48.87002945],[244.15962219 -48.870121  ],10.608069567885767,9.441988948052616,6.523843765269844,4.067800527267261
454,27.414398200238974,27.012237550224476,25.62402343761358,[324.63305664 -48.8697052 ],[297.21865845 -48.87031937],[270.2064209  -48.87004471],[244.58239746 -48.870121  ],10.804350014244259,9.81914425652844,7.025085927377545,4.374268537746767
455,27.504791262908554,27.280059815835767,25.899200439643035,[325.72451782 -48.86985779],[298.21972656 -48.87027359],[270.93966675 -48.86999893],[245.04046631 -48.87009811],10.993300532125708,10.17798328800333,7.580101972768928,4.755268580904171
456,27.578460694186738,27.524017334450686,26.193527221693298,[326.83441162 -48.87001038],[299.25595093 -48.870224  ],[271.73193359 -48.87006378],[245.53840637 -48.87009048],11.17500693851524,10.52391720204409,8.170452124342537,5.165010456635366
457,27.63589477543512,27.746765137058595,26.512420654303735,[327.96212769 -48.87012482],[300.32623291 -48.87017441],[272.57946777 -48.87003708],[246.06704712 -48.87005615],11.349810649005565,10.85818958590423,8.697276119908995,5.307406908385271
458,27.677764892663298,27.950439453359284,26.8674468994165,[329.10690308 -48.87022781],[301.42913818 -48.87015915],[273.47869873 -48.87004471],[246.61125183 -48.87005615],11.517967259773917,11.175371172181167,9.22974395757414,5.580371382825883
459,27.70526123123455,28.12890625011407,27.235610961918336,[330.26812744 -48.87033081],[302.56286621 -48.87012482],[274.43395996 -48.87004471],[247.198349   -48.87002945],11.67964365429834,11.47639847111061,9.801291466740814,6.114157683668098
460,27.719329835383167,28.28106689459711,27.597503662113592,[331.44506836 -48.87038422],[303.72573853 -48.87010574],[275.44467163 -48.87004471],[247.84716797 -48.87002945],11.83508492718242,11.757781984614267,10.332154275281873,6.7840609550538815
461,27.721496584017856,28.410156250065562,27.9381713868336,[332.63720703 -48.87043762],[304.91571045 -48.87010574],[276.5055542  -48.87004471],[248.56738281 -48.8699646 ],11.984444626707123,12.020871164797235,10.824898721424717,7.521591201804583
462,27.71261597020898,28.51626586914292,28.25520324714473,[333.84390259 -48.87049103],[306.13128662 -48.87005615],[277.61502075 -48.87004471],[249.3598175  -48.86997986],12.127173428026,12.270655635625351,11.307042124002736,8.226909637501558
463,27.693511966995803,28.599822998049163,28.54908752461387,[335.06460571 -48.87052155],[307.37109375 -48.87004471],[278.77127075 -48.87003326],[250.22218323 -48.86992645],12.263947488178104,12.505357743692906,11.761611941149397,8.938229572206273
464,27.665100101898197,28.662536621143506,28.811614990367968,[336.2986145  -48.87052155],[308.6335144  -48.87003708],[279.97097778 -48.86998367],[251.15936279 -48.86989594],12.395638466229975,12.723704339893436,12.184853556270982,9.722677232309671
465,27.628540043377214,28.70507812505703,29.0404205323591,[337.54550171 -48.87052536],[309.91696167 -48.87003708],[281.21188354 -48.86997986],[252.17146301 -48.86989212],12.522122383371705,12.928097726898272,12.590645790694833,10.41649723103757
466,27.584533696142493,28.72781372072364,29.245697021627677,[338.80471802 -48.87052536],[311.22018433 -48.87001419],[282.49237061 -48.86997986],[253.24667358 -48.86988831],12.643486023004895,13.118991854357308,12.976416588722834,11.029508591917192
467,27.534088139725384,28.731750488290366,29.42581176772055,[340.07580566 -48.87052536],[312.54171753 -48.87000275],[283.80996704 -48.86997986],[254.38415527 -48.86988831],12.760133743292542,13.295752527041047,13.336286545730973,11.660071374095677
468,27.47799683114176,28.717987060555995,29.577407837055755,[341.35827637 -48.87052536],[313.88027954 -48.87000275],[285.16229248 -48.86997986],[255.58488464 -48.86988831],12.87219715118955,13.45941353013483,13.67300129031469,12.288477898757316
469,27.41705322763718,28.687469482431005,29.69976806654736,[342.65158081 -48.87052536],[315.23452759 -48.87000275],[286.54705811 -48.86997986],[256.84729004 -48.86988831],12.97975826268469,13.610935213289162,13.987106324240608,12.8948783885505
470,27.352233892466952,28.641479492191564,29.792877197406295,[343.95553589 -48.87052536],[316.603302  -48.8699646],[287.96182251 -48.86997986],[258.16894531 -48.86988831],13.083043098593784,13.750515940240858,14.276203156586769,13.47645378221824
471,27.28414917584229,28.581207275394696,29.856781005999743,[345.26956177 -48.87053299],[317.9854126 -48.8699646],[289.40420532 -48.86997986],[259.54742432 -48.86988831],13.182224273975164,13.878816605432343,14.54076671714742,14.032380105139676
472,27.213470464920167,28.508056640629082,29.891967773577704,[346.59326172 -48.87053299],[319.37979126 -48.8699646 ],[290.87173462 -48.86997986],[260.97976685 -48.86988831],13.277420044697482,13.996718407827027,14.781948090812342,14.556235314457988
473,27.140777593842316,28.423339843754096,29.899566650530794,[347.9262085  -48.87053299],[320.78543091 -48.8699646 ],[292.36209106 -48.86997986],[262.46252441 -48.86988831],13.368793488629917,14.104801179145165,14.999594689686965,15.045070649178886
474,27.066802984483584,28.328460693363485,29.880645752093383,[349.26815796 -48.87053299],[322.20135498 -48.8699646 ],[293.87289429 -48.86997986],[263.99224854 -48.86988831],13.456496240286855,14.203669549243951,15.194196702366412,15.498975754688455
475,26.991821295047036,28.224853515629125,29.83651733412484,[350.61862183 -48.87053299],[323.62680054 -48.8699646 ],[295.40194702 -48.86997986],[265.56542969 -48.86988831],13.540659906677341,14.294041634901438,15.366971970950202,15.91616344531678
476,26.916564946406,28.113647460941642,29.768920898578283,[351.97732544 -48.8704834 ],[325.0607605 -48.8699646],[296.94711304 -48.86997986],[267.17819214 -48.86988831],13.621418002211833,14.37651729724343,15.518785478044634,16.295072556213142
477,26.841308598545012,27.996215820316657,29.679687500141206,[353.34393311 -48.87047195],[326.50262451 -48.8699646 ],[298.50640869 -48.86997986],[268.82672119 -48.86988831],13.698908806765605,14.451649667360494,15.650514604018195,16.63606643729574
478,26.766479496995917,27.873840332035428,29.570465088032353,[354.71807861 -48.87047195],[327.95159912 -48.8699646 ],[300.07775879 -48.86997986],[270.5072937  -48.86988831],13.77325534926503,14.520041467412398,15.763408662225684,16.93950462379312
479,26.692382817321764,27.74765014648857,29.44329833998609,[356.09945679 -48.87047195],[329.40707397 -48.8699646 ],[301.65942383 -48.86997986],[272.21612549 -48.86988831],13.844577790609438,14.58223343073503,15.858678819052724,17.20553016686293
480,26.61941528803811,27.618652343754214,29.30020141618349,[357.487854   -48.87047195],[330.86843872 -48.8699646 ],[303.24978638 -48.86997986],[273.94958496 -48.86988068],13.913001061994303,14.638743402478578,15.937475205723782,17.435119629020353
481,26.547668461952476,27.488006591803494,29.143096923996897,[358.88284302 -48.87047195],[332.33517456 -48.86996078],[304.84716797 -48.86997986],[275.70407104 -48.86988068],13.978629114078874,14.6900739690093,16.001043320897892,17.629667282105014
482,26.477447514338543,27.35668945313165,28.97396850602913,[360.28424072 -48.87045288],[333.80679321 -48.86996078],[306.45010376 -48.86997986],[277.47613525 -48.86988068],14.041575434103946,14.736694337869544,16.050657273463067,17.79049110415808
483,26.409088139639113,27.225524902370474,28.794494629077064,[361.69186401 -48.87044907],[335.28277588 -48.86994171],[308.05725098 -48.86997986],[279.26275635 -48.86988068],14.101948739783774,14.77904510702529,16.087539673895765,17.926614761533394
484,26.34271240722952,27.095153808620605,28.605987549000066,[363.10534668 -48.87044907],[336.76263428 -48.86994171],[309.66748047 -48.86997986],[281.06149292 -48.86988068],14.159846307871389,14.817545891949276,16.11288833713897,18.02984619187603
485,26.278106693506967,26.966705322292608,28.41143798846794,[364.5244751  -48.87040329],[338.24636841 -48.86994171],[311.27966309 -48.86997986],[282.8682251  -48.86987686],14.21536827330072,14.852596284154316,16.12788200465027,18.094230652766267
486,26.215667728605986,26.840576171902107,28.212738037283714,[365.94906616 -48.87039948],[339.73339844 -48.86994171],[312.89282227 -48.86997986],[284.68008423 -48.86988068],14.2686128622175,14.884538651599241,16.13368034439985,18.135780336181504
487,26.15530395908396,26.71734619143348,28.011169433637647,[367.37878418 -48.87039948],[341.22348022 -48.86994171],[314.50613403 -48.86997986],[286.4949646  -48.86993027],14.319667816918669,14.913698197408777,16.131376267155947,18.156467440095
488,26.097106937608515,26.59750366213673,27.808288574239942,[368.81341553 -48.87039948],[342.71630859 -48.86994171],[316.11880493 -48.86997986],[288.31051636 -48.86994553],14.368614197554598,14.940391541460187,16.12199974118373,18.151535034977936
489,26.041259769648377,26.481506347683727,27.605743408219993,[370.25292969 -48.87039948],[344.21166992 -48.86994171],[317.73016357 -48.86997986],[290.12442017 -48.86994934],14.415532112943945,14.96488285152752,16.106548309818756,18.126604080831864
490,25.987579349734812,26.36968994143384,27.404815673845118,[371.69702148 -48.87039948],[345.70944214 -48.86994171],[319.3397522  -48.86997986],[291.93493652 -48.86994934],14.460508347497383,14.987435341713857,16.085943222452276,18.08593177845608
491,25.93612671302406,26.26235961916833,27.206542968767117,[373.14550781 -48.87039948],[347.2093811  -48.86994171],[320.94702148 -48.86997986],[293.74047852 -48.86994934],14.503623009846821,15.00827217180519,16.061044693319168,18.028642654872755
492,25.886779789203636,26.159729003934064,27.012084960954738,[374.59811401 -48.87039948],[348.71133423 -48.86994171],[322.55160522 -48.86997986],[295.53952026 -48.86994934],14.544949532906113,15.02760315015021,16.032648086800407,17.956817627435452
493,25.83990478921098,26.061920166038238,26.82244873048204,[376.05496216 -48.87039948],[350.21505737 -48.86994171],[324.15313721 -48.86997604],[297.33068848 -48.86994934],14.584567071641851,15.045604706496997,16.001495361515378,17.873779297475572
494,25.79498291421804,25.969116210960195,26.638458251970604,[377.51556396 -48.87039948],[351.72058105 -48.86994171],[325.75146484 -48.86997604],[299.11300659 -48.86994553],14.62255382734956,15.062453270595325,15.968261718831636,17.780601502265906
495,25.752136233764272,25.881317138694648,26.46084594728322,[378.97982788 -48.8703537 ],[353.22769165 -48.86994171],[327.34637451 -48.86997604],[300.88552856 -48.86994553],14.658970835188793,15.078308106054228,15.933554649397351,17.67855072144857
496,25.711334231755536,25.798583984397844,26.290344238298964,[380.44769287 -48.87034988],[354.73635864 -48.86994171],[328.93777466 -48.86997604],[302.64743042 -48.86994553],14.693887711138496,15.09327030235235,15.897938728346858,17.56983184976664
497,25.672454837229193,25.720947265647915,26.127380371096255,[381.91894531 -48.87034988],[356.24649048 -48.86994171],[330.52554321 -48.86997604],[304.39816284 -48.86998749],14.727367401824143,15.107474327569667,15.861905097962351,17.455932619312332
498,25.635467532546375,25.648284912132354,25.972381591803877,[383.39346313 -48.87034988],[357.75799561 -48.86994171],[332.10971069 -48.86997604],[306.1373291  -48.86999512],14.759463310914107,15.121019363834982,15.825892448428462,17.33799743722406
499,25.600311282550837,25.58044433596054,25.825897216807018,[384.87112427 -48.87034988],[359.27081299 -48.86994171],[333.69036865 -48.86997604],[307.86447144 -48.86999893],14.79023647374827,15.133985519790944,15.790291786213809,17.217479706452117
500,25.566864016930094,25.51742553713247,25.68795776368207,[386.35177612 -48.87034988],[360.78491211 -48.86994171],[335.26748657 -48.86997604],[309.57952881 -48.86999893],14.819739342455994,15.146451950406423,15.75543308263157,17.0956821446152
501,25.535125735684144,25.459014892601274,25.558807373057125,[387.83535767 -48.87034988],[362.30023193 -48.86994171],[336.84121704 -48.86997604],[311.28240967 -48.86999893],14.848022461761575,15.158474922466704,15.72161006937101,16.97418975859023
502,25.50491333334426,25.4051513672107,25.43838500977592,[389.32162476 -48.87034988],[363.81671143 -48.86994171],[338.41156006 -48.86997604],[312.97317505 -48.86999893],14.87513923741741,15.170122146848541,15.689056396639353,16.853200912728845
503,25.476257327611936,25.35559082034722,25.326873779307217,[390.81057739 -48.87034988],[365.33432007 -48.86993408],[339.97872925 -48.86997604],[314.65185547 -48.86999893],14.90113258476388,15.181422233781248,15.657979011764583,16.733119964840913
504,25.448974612771824,25.310180664097285,25.224243164072885,[392.30206299 -48.87034988],[366.85308838 -48.86993408],[341.54290771 -48.86997604],[316.31866455 -48.86999893],14.92605304853755,15.192418098510691,15.62854194672659,16.615770340219594
505,25.42309570652528,25.26867675784734,25.130310058604174,[393.79602051 -48.87034988],[368.3729248  -48.86993408],[343.10424805 -48.86997604],[317.97393799 -48.86999893],14.949937822044408,15.203146934548299,15.600862503468283,16.50179100064844
506,25.39843750340358,25.23098754886302,25.044830322276084,[395.29226685 -48.87034988],[369.89382935 -48.86993408],[344.6628418  -48.86997604],[319.61801147 -48.86999893],14.972831727975958,15.21361064912252,15.575037956768329,16.39136505158883
507,25.37503052038843,25.19671630861714,24.96777343751865,[396.79077148 -48.87031174],[371.41574097 -48.86993408],[346.21902466 -48.86996841],[321.25125122 -48.86999893],14.994778635360124,15.223848342896952,15.551136017504714,16.285251617793563
508,25.352722170724995,25.16577148439842,24.89874267579995,[398.29141235 -48.87030792],[372.93869019 -48.86993408],[347.7729187  -48.86996841],[322.87417603 -48.86999893],15.015818596616146,15.233873367310947,15.529179574155798,16.18400383036273
509,25.331512453930426,25.137939453148444,24.837463378924998,[399.79412842 -48.87030792],[374.46261597 -48.86993408],[349.32467651 -48.86996841],[324.48721313 -48.86999893],15.035981179109498,15.243675231945788,15.509178162905815,16.08780479476517
510,25.31130981721388,25.11291503908597,24.78369140626879,[401.29882812 -48.87030792],[375.98751831 -48.86993408],[350.87460327 -48.86996841],[326.09091187 -48.86999893],15.055308342780751,15.253274917636269,15.491136552465807,15.995860100292669
511,25.292022707840985,25.090606689476616,24.737060546893826,[402.80541992 -48.87030792],[377.51339722 -48.86993408],[352.42279053 -48.86996841],[327.68572998 -48.86999893],15.073941231556661,15.262683868474946,15.475012781089674,15.910008431027874
512,25.27362060823362,25.07067871105359,24.69702148437765,[404.31378174 -48.87030792],[379.04016113 -48.86993408],[353.96948242 -48.87001038],[329.27246094 -48.86999893],15.091754914167192,15.27189922343946,15.460757257708746,15.831304550764552
513,25.256042483235547,25.05297851574117,24.663360595707847,[405.82388306 -48.87030792],[380.56784058 -48.86993408],[355.51486206 -48.87001038],[330.85150146 -48.86999512],15.108701706868517,15.280919075181306,15.448323250350821,15.757856369657134
514,25.239257815268637,25.037292480596907,24.635620117194883,[407.33569336 -48.87030792],[382.09643555 -48.86993408],[357.05914307 -48.87001419],[332.42352295 -48.86999512],15.124978066564625,15.289731979610853,15.437632561396208,15.68987846455737
515,25.223205569176645,25.023437500128228,24.613372802741765,[408.84906006 -48.87030792],[383.62585449 -48.86993408],[358.60241699 -48.87001419],[333.98904419 -48.86999512],15.140599252036175,15.298332214681439,15.428590774972351,15.628170014290015
516,25.207763674647094,25.01129150403454,24.59616088867927,[410.36392212 -48.87030792],[385.15615845 -48.86993408],[360.14486694 -48.87001419],[335.54870605 -48.86999512],15.155519486916587,15.30671882672008,15.421116829280198,15.571216584190566
517,25.1929626492581,25.00064086926897,24.583709716804275,[411.88024902 -48.87030792],[386.68728638 -48.86993408],[361.68664551 -48.87001419],[337.10293579 -48.86999512],15.169819833525795,15.314894676751063,15.41512584717319,15.520046235142123
518,25.178833010644706,24.99133300795341,24.57537841797615,[413.39804077 -48.87030792],[388.21920776 -48.86993027],[363.22787476 -48.87001419],[338.65249634 -48.86999512],15.183528902095391,15.322846413333654,15.410500526710912,15.475644112710937
519,25.165222170107135,24.983154297015957,24.570739746101154,[414.91711426 -48.87025833],[389.75189209 -48.86993027],[364.76873779 -48.87001419],[340.19799805 -48.86999512],15.196642877931005,15.33057785131286,15.40713977840492,15.436114312357232
520,25.152130129092626,24.976013183734747,24.56967163086678,[416.4375     -48.87025833],[391.28536987 -48.86993027],[366.30935669 -48.87001419],[341.73968506 -48.86999512],15.209196091083301,15.338075638972395,15.404947281141,15.401247025732602
521,25.13949585174995,24.969787597797282,24.571594238288654,[417.95904541 -48.87025833],[392.81954956 -48.86993027],[367.84976196 -48.87001419],[343.27816772 -48.86999512],15.221215248643063,15.345343591177413,15.403815269719068,15.371618272126492
522,25.12731933807911,24.96450805678169,24.576080322273025,[419.48181152 -48.87025833],[394.35449219 -48.86993027],[369.38998413 -48.87001419],[344.81390381 -48.86999512],15.23272323650992,15.352379800544906,15.403638839962753,15.34657287728324
523,25.115600588080113,24.95983886732859,24.582916259773025,[421.00570679 -48.87025833],[395.8901062  -48.86993027],[370.93026733 -48.87001419],[346.34735107 -48.86999512],15.243728638059208,15.359174730330665,15.40432739281064,15.325622559952482
524,25.104278565997625,24.95547485353924,24.59194946289802,[422.53063965 -48.87025833],[397.42636108 -48.86997986],[372.47088623 -48.87001419],[347.87893677 -48.86999512],15.254261017199925,15.365720751141046,15.405783653483763,15.30880737445653
525,25.09335327302955,24.95178222658612,24.602416992194893,[424.05664062 -48.87025833],[398.96328735 -48.86997986],[374.01150513 -48.87001419],[349.40908813 -48.86999512],15.2643413547457,15.37203311957053,15.40788745901711,15.29582977440887
526,25.082763673378764,24.94833374025304,24.614410400398015,[425.58358765 -48.87025833],[400.50082397 -48.86998367],[375.55249023 -48.87001419],[350.93807983 -48.86999512],15.273971558033152,15.378105164061267,15.410554886070628,15.28625965269072
527,25.072540284707504,24.945251464862416,24.62728881836676,[427.11148071 -48.87025833],[402.03894043 -48.86998367],[377.09368896 -48.87001419],[352.46640015 -48.86999512],15.283183098311463,15.3839302065678,15.413711548048797,15.279879571561352
528,25.062652589395597,24.94238281251867,24.641082763679258,[428.64028931 -48.87025833],[403.57763672 -48.86998367],[378.63525391 -48.87001419],[353.99417114 -48.86999512],15.291997910088025,15.389513015941274,15.417264938542658,15.276446344067054
529,25.053039552286798,24.939697265643673,24.655303955085504,[430.16995239 -48.87025833],[405.11691284 -48.86998367],[380.17721558 -48.87001419],[355.52191162 -48.86999512],15.300417900712668,15.39485549941526,15.421132087886074,15.275621415829898
530,25.043823243693602,24.937072753924923,24.669921875007372,[431.70046997 -48.87025833],[406.65664673 -48.86998367],[381.71957397 -48.87001419],[357.0496521  -48.86999512],15.308455467952001,15.39995193493763,15.425249099900155,15.277132035990093
531,25.03482055814727,24.9346008300968,24.684783935554243,[433.23175049 -48.87025833],[408.19692993 -48.86998367],[383.2623291  -48.87001419],[358.57754517 -48.86999512],15.316142083061056,15.404820442309308,15.429540634314163,15.280733110252877
532,25.026123048382168,24.932128906268677,24.699645996101115,[434.76379395 -48.87025833],[409.7376709  -48.86998367],[384.80554199 -48.87001419],[360.105896   -48.86999512],15.32348346808777,15.409460067849553,15.433957100063942,15.286161424503605
533,25.017608644085804,24.929718017596805,24.71429443360111,[436.29650879 -48.87025833],[411.27890015 -48.86998367],[386.34918213 -48.87001419],[361.6348877  -48.86999512],15.330492020800342,15.413864135835976,15.438438415666875,15.293156625657543
534,25.009429933148798,24.927276611346805,24.728576660163604,[437.82992554 -48.87025833],[412.82049561 -48.86998367],[387.89321899 -48.87001419],[363.16464233 -48.86999512],15.337173463247769,15.418044090358967,15.442932129036285,15.301487924528752
535,25.001464845258653,24.92471313478431,24.7424926757886,[439.36398315 -48.87025833],[414.36251831 -48.86998367],[389.43780518 -48.87001419],[364.6953125  -48.86999512],15.343556405662554,15.422003746115575,15.447398185850766,15.310927392952575
536,24.99371338041537,24.922119140643684,24.755859375007347,[440.89865112 -48.87025833],[415.90493774 -48.86998367],[390.9828186  -48.87001419],[366.22695923 -48.86999512],15.349649431115274,15.425737381059472,15.451788902394215,15.321271898305579
537,24.98623657349594,24.919494628924937,24.7685546875188,[442.43395996 -48.87023163],[417.44772339 -48.86998367],[392.52822876 -48.87001419],[367.75967407 -48.87004471],15.35544967858855,15.429263115003145,15.456060409647765,15.332317354279578
538,24.978973389902546,24.916748046893687,24.78051757814379,[443.9697876  -48.87023163],[418.99081421 -48.86998367],[394.07406616 -48.87001419],[369.29354858 -48.87004471],15.360985756942174,15.432591438363339,15.460194587800677,15.343869209473043
539,24.971984864512265,24.913909912128066,24.791717529320646,[445.50619507 -48.87023163],[420.53421021 -48.86998367],[395.62030029 -48.87001419],[370.82858276 -48.87004852],15.366251946738874,15.435714721745963,15.464172363365785,15.35576915759259
540,24.965148927012603,24.91104125978432,24.802093505883136,[447.04312134 -48.87023163],[422.07797241 -48.86998367],[397.16693115 -48.87001419],[372.36483765 -48.87004852],15.371270181001464,15.438647270265585,15.467954635696053,15.367856025719888
541,24.958496094981683,24.908081054706194,24.81167602541438,[448.58050537 -48.87023163],[423.62200928 -48.86998367],[398.71392822 -48.87001419],[373.9022522  -48.87004852],15.376048089378575,15.441398620665238,15.47153377539739,15.379991531372395
542,24.952056885997624,24.905059814471823,24.820312500023746,[450.11834717 -48.87023163],[425.16629028 -48.86998367],[400.26123047 -48.87001419],[375.44091797 -48.87004852],15.380596162304244,15.443965911922328,15.474901199400955,15.39205455782987
543,24.945861817638555,24.90191650392495,24.828125000023736,[451.65667725 -48.87023163],[426.71081543 -48.86998367],[401.80889893 -48.87001419],[376.98077393 -48.87004852],15.384922982834201,15.44635581975674,15.478041648917443,15.403906822297065
544,24.939758302013857,24.898712158221826,24.835113525414357,[453.19537354 -48.87023163],[428.25561523 -48.86998367],[403.35690308 -48.87001419],[378.52178955 -48.87004852],15.389031411981406,15.448580741934746,15.480940818832199,15.415484428585705
545,24.933959962059216,24.895385742206205,24.84118652346679,[454.73449707 -48.87022018],[429.80053711 -48.86998367],[404.90515137 -48.87001419],[380.06396484 -48.87005234],15.392933847507935,15.450645446827748,15.483599662819763,15.426690101915312
546,24.928222657371972,24.892181396503084,24.846313476591785,[456.27398682 -48.87022018],[431.34576416 -48.86998367],[406.45358276 -48.87001419],[381.60726929 -48.87005234],15.396636964498445,15.452551841784366,15.486003875765046,15.437432289658611
547,24.92272949330972,24.888702392596834,24.850799560576153,[457.81381226 -48.87022018],[432.89108276 -48.86998367],[408.00238037 -48.87001419],[383.15158081 -48.87005234],15.400149347240243,15.45430660252484,15.48817348482906,15.447665215257912
548,24.917419434509473,24.885437011737462,24.854309082060524,[459.35406494 -48.8701973 ],[434.43664551 -48.86998367],[409.5512085  -48.87001419],[384.69689941 -48.87005234],15.403483392787253,15.45591545109527,15.490104675314544,15.457337380414954
549,24.912261963806536,24.881896972674966,24.857269287138646,[460.89459229 -48.8701973 ],[435.98233032 -48.86998367],[411.10043335 -48.87001419],[386.24316406 -48.87005234],15.406642914834013,15.457399368330048,15.491793632524052,15.466541291514337
550,24.907379151306714,24.87841796876872,24.859313964873017,[462.4354248 -48.8701973],[437.52804565 -48.86998367],[412.64962769 -48.87001419],[387.79031372 -48.87005234],15.409629822929244,15.458753585858545,15.493250846875373,15.475060464485816
551,24.902404786072523,24.87512207033122,24.860748291044892,[463.97650146 -48.8701973 ],[439.07409668 -48.86998367],[414.19897461 -48.87001419],[389.33822632 -48.87005234],15.412456513571792,15.459984779399877,15.494479179391227,15.482744218788973
552,24.89773559661957,24.871582031268723,24.86169433593779,[465.51791382 -48.8701973 ],[440.62017822 -48.86998367],[415.74859619 -48.87001419],[390.88690186 -48.87001038],15.415131570036564,15.46109962467515,15.495505332952595,15.489813806866094
553,24.893310547791607,24.868103027362476,24.861907958987008,[467.05960083 -48.8701973 ],[442.16629028 -48.86998367],[417.29818726 -48.87001419],[392.4362793  -48.87000275],15.417652131310925,15.462095260661014,15.496318817142047,15.496278763435145
554,24.888977051698017,24.86465454103435,24.861572265627633,[468.60144043 -48.8701973 ],[443.71246338 -48.86998367],[418.84780884 -48.87001419],[393.98623657 -48.87000275],15.420030595144919,15.462992668192474,15.496923446656819,15.50202369745565
555,24.884674073182552,24.861541748065605,24.860656738283883,[470.14361572 -48.8701973 ],[445.25894165 -48.86998367],[420.3973999  -48.87001419],[395.53674316 -48.87000275],15.422272683577333,15.46379566196667,15.49734592437786,15.507099152090277
556,24.88049316497958,24.858398437518733,24.859283447268258,[471.68591309 -48.8701973 ],[446.80541992 -48.86998367],[421.94702148 -48.87001419],[397.08773804 -48.87000275],15.424369813533612,15.464491844217566,15.497607231140137,15.511548996369081
557,24.876617432557847,24.85525512697186,24.857543945315136,[473.22851562 -48.8701973 ],[448.35189819 -48.86998367],[423.49664307 -48.87001419],[398.63909912 -48.87000275],15.426344873196575,15.465089798014116,15.4977197647098,15.515353203184482
558,24.87283325287049,24.852142334003112,24.855407714846386,[474.77120972 -48.8701973 ],[449.89837646 -48.86998367],[425.04623413 -48.87001419],[400.19082642 -48.87000275],15.428202630938944,15.465609550516751,15.497673034669393,15.518530846003738
559,24.86929321359308,24.849029541034366,24.853088378908886,[476.31417847 -48.87017059],[451.44488525 -48.86998367],[426.59585571 -48.87001419],[401.74276733 -48.87000275],15.429934503695177,15.466052055399887,15.49748134613372,15.521142006293312
560,24.865783692108806,24.845916748065616,24.85037231445576,[477.85714722 -48.87017059],[452.99136353 -48.86998367],[428.14544678 -48.87001419],[403.29507446 -48.87000275],15.43155765627548,15.466417312663838,15.497163772589177,15.523200035485514
561,24.86264038156202,24.842773437518744,24.847656250002636,[479.40048218 -48.87017059],[454.5378418  -48.86998367],[429.69506836 -48.87001419],[404.84741211 -48.87000275],15.433075905925698,15.466713905376942,15.496721267709892,15.524722099716385
562,24.85925293039024,24.839904785174998,24.844726562502636,[480.94384766 -48.87017059],[456.08459473 -48.86998367],[431.24468994 -48.87001419],[406.39996338 -48.87000275],15.434487343849081,15.46695613865434,15.496155738844902,15.525759697394482
563,24.855834961640337,24.837188720721873,24.84158325195576,[482.48730469 -48.87017059],[457.63146973 -48.86998367],[432.79428101 -48.87001419],[407.95269775 -48.87000275],15.435793877635,15.467129707381183,15.495492935200396,15.526348114470906
564,24.85269165109355,24.834442138690626,24.83847045898701,[484.03103638 -48.87017059],[459.17834473 -48.86998367],[434.34390259 -48.87001419],[409.50543213 -48.87000275],15.43700790505895,15.467215538070604,15.49475574496037,15.526497841362925
565,24.84957885812489,24.831817626971876,24.83523559570576,[485.57479858 -48.87017059],[460.72521973 -48.86998367],[435.8934021  -48.87001419],[411.0581665  -48.87000275],15.43813037978026,15.467238426255813,15.493929863009976,15.52626037648321
566,24.846435547578103,24.82949829103438,24.83169555664326,[487.11853027 -48.87017059],[462.27209473 -48.86998367],[437.44259644 -48.87001419],[412.61090088 -48.87000275],15.439161301787186,15.467207908679223,15.493025779766462,15.525678635175094
567,24.84362793039068,24.827148437518755,24.82846069336201,[488.66259766 -48.87017059],[463.81896973 -48.86998367],[438.99182129 -48.87001419],[414.1633606  -48.87000275],15.440107346795735,15.467103958180608,15.49207401280828,15.524746895393719
568,24.840911865937635,24.824798584003133,24.82534790039326,[490.20675659 -48.87017059],[465.36584473 -48.86998367],[440.54104614 -48.87001419],[415.71569824 -48.87000275],15.440970422152803,15.46694564824594,15.491108894410734,15.523524284945962
569,24.838287354218956,24.822418212909383,24.82214355469014,[491.75088501 -48.87017059],[466.91259766 -48.86998367],[442.09017944 -48.87001419],[417.26803589 -48.87000275],15.44175243520676,15.466753006036315,15.490060806349335,15.522081375732604
570,24.8359375007034,24.820068359393762,24.81890869140889,[493.29501343 -48.87017059],[468.45907593 -48.86998367],[443.63900757 -48.87001419],[418.82009888 -48.87000275],15.442462922701164,15.466506958065045,15.488919258205465,15.520405769985258
571,24.83358764718784,24.817749023456262,24.815765380862015,[494.83917236 -48.87017059],[470.00558472 -48.86998367],[445.18783569 -48.87001419],[420.37207031 -48.87000275],15.44309806994004,15.466223716795419,15.487750053508075,15.518507004449997
572,24.831481934297276,24.81539916994064,24.812896728518265,[496.38354492 -48.87017059],[471.55206299 -48.86998367],[446.73666382 -48.87001419],[421.92376709 -48.87000275],15.44366169162287,15.465916633668668,15.486548423884855,15.516442299583506
573,24.82952880906261,24.81338500978439,24.80981445312764,[497.92807007 -48.87013626],[473.09854126 -48.86998367],[448.28515625 -48.87001419],[423.4753418  -48.87000275],15.444159509795618,15.465573310918296,15.485287666455838,15.514247895011296
574,24.827575684062644,24.811431884784394,24.80700683594014,[499.47259521 -48.87013626],[474.64501953 -48.86998367],[449.83358765 -48.87001419],[425.02658081 -48.87000275],15.444593430221296,15.465208053658117,15.484011650239113,15.511919022360425
575,24.825653076640805,24.809478759784394,24.80432128906514,[501.01715088 -48.87013626],[476.1914978  -48.86998367],[451.38201904 -48.87001419],[426.57769775 -48.87000275],15.444963455953852,15.464824676586838,15.482746124441595,15.509469033072032
576,24.82366943406272,24.80786132814377,24.801666259768265,[502.56167603 -48.87013626],[477.73800659 -48.86998367],[452.93014526 -48.87001419],[428.128479   -48.87000275],15.445274353660306,15.464405059891263,15.481445312695017,15.506955147604884
577,24.821716309062754,24.806304931659398,24.799163818362015,[504.10620117 -48.87013626],[479.28448486 -48.86998367],[454.47817993 -48.87001419],[429.67901611 -48.87000275],15.44552707727609,15.463951110921627,15.480138778904314,15.504383088005925
578,24.819763184062793,24.804718017601886,24.796875000004693,[505.65072632 -48.87013626],[480.83096313 -48.86998367],[456.02624512 -48.87001801],[431.22937012 -48.87000275],15.445723534151265,15.463463783350734,15.4788570406484,15.501752854272793
579,24.81781005906283,24.80346679689876,24.794616699223447,[507.19525146 -48.87013626],[482.37744141 -48.86998367],[457.57397461 -48.87001801],[432.77935791 -48.87000275],15.445871353663083,15.462940216156,15.477564812060738,15.499110222775581
580,24.816253662578482,24.80191040041439,24.79251098633282,[508.73980713 -48.87013626],[483.92355347 -48.86998367],[459.12164307 -48.87001801],[434.32913208 -48.87000275],15.445964813752823,15.462378501989305,15.476276398093422,15.496466637605028
581,24.81469726609414,24.800354003930014,24.79061889648907,[510.28433228 -48.87013626],[485.46963501 -48.86998367],[460.66928101 -48.87001801],[435.87866211 -48.87000275],15.44601059013632,15.461792945964634,15.47499752089092,15.493818284062183
582,24.813140869609793,24.79904174807064,24.78878784180157,[511.82885742 -48.87013626],[487.01571655 -48.86998367],[462.2166748  -48.87001801],[437.42788696 -48.87000275],15.446006775461745,15.4612016678949,15.473698616528926,15.491194726053493
583,24.811584473125446,24.797882080101893,24.787109375004697,[513.37341309 -48.87013626],[488.56182861 -48.86998367],[463.76394653 -48.87001801],[438.97683716 -48.87000275],15.445960045448343,15.460582733270313,15.472401619515104,15.48859977827451
584,24.809997559062978,24.796722412133143,24.78561401367657,[514.91790771 -48.87013626],[490.10791016 -48.86998367],[465.31118774 -48.87001801],[440.52557373 -48.87000275],15.445872307444741,15.459931373719288,15.471131325383675,15.486034394400388
585,24.80844116257863,24.795837402367518,24.784179687504697,[516.46246338 -48.87013626],[491.65402222 -48.86998367],[466.85818481 -48.87001801],[442.07400513 -48.87000275],15.445740700428143,15.459254264962299,15.469865799625685,15.48352241628809
586,24.80712890671928,24.794769287133143,24.782836914067197,[518.00695801 -48.87013626],[493.1998291  -48.86998367],[468.40505981 -48.87001801],[443.6222229  -48.87000275],15.445569992771672,15.458546638627922,15.46860694959255,15.481075288031516
587,24.805969238750553,24.793609619164396,24.781677246098447,[519.55151367 -48.87013626],[494.74554443 -48.86998367],[469.95193481 -48.87001801],[445.17025757 -48.87000275],15.44536113815004,15.457826614527535,15.467364312024088,15.4786663067456
588,24.80484008835995,24.792633056664396,24.78067016602032,[521.09606934 -48.87013626],[496.29122925 -48.86998367],[471.49859619 -48.87001801],[446.71792603 -48.87000275],15.445113182887745,15.45710182205683,15.4661140450644,15.476321221641506
589,24.803619385234974,24.79187011721127,24.779602050785947,[522.64056396 -48.87013626],[497.83694458 -48.86998367],[473.04507446 -48.87001801],[448.26547241 -48.87000275],15.444830895358074,15.456362724471266,15.464867592806915,15.47405243048429
590,24.802459717266245,24.791107177758146,24.77883911133282,[524.18511963 -48.87013626],[499.38265991 -48.86998367],[474.59155273 -48.87001801],[449.81271362 -48.87000275],15.44451713658601,15.45560169237763,15.463648797107128,15.471837045088558
591,24.801422119610013,24.7903137207269,24.778076171879697,[525.72961426 -48.87013626],[500.92819214 -48.86998367],[476.13787842 -48.87001801],[451.35980225 -48.87000275],15.444168091871886,15.454823494146284,15.462439538156241,15.469688416897291
592,24.800659180156906,24.789550781273775,24.77728271484845,[527.27416992 -48.87013626],[502.47351074 -48.86998367],[477.68395996 -48.87001801],[452.90667725 -48.87000275],15.443787575916817,15.454042434893063,15.461239815951078,15.46762180469692
593,24.799896240703795,24.788757324242525,24.776763916020325,[528.81872559 -48.87013626],[504.01882935 -48.86998367],[479.23007202 -48.87001801],[454.45330811 -48.87000275],15.443378449742383,15.45326137564079,15.460045815795251,15.465612412955283
594,24.798736572735066,24.788024902367525,24.77630615234845,[530.362854   -48.87013626],[505.56411743 -48.86998367],[480.77609253 -48.87001801],[455.99978638 -48.87000275],15.442941667024812,15.452482223737816,15.458862306061313,15.463668824743042
595,24.797546387188213,24.787658691430025,24.775726318364075,[531.90698242 -48.87013626],[507.10943604 -48.86998367],[482.32177734 -48.87001801],[457.54605103 -48.87000275],15.442475320417415,15.451671600582365,15.457689286749224,15.461807252524475
596,24.796539307110105,24.787078857445653,24.775360107426575,[533.45111084 -48.87013626],[508.65457153 -48.86998367],[483.86749268 -48.87001801],[459.09213257 -48.87000275],15.44198417829111,15.450824737803837,15.456539155626542,15.460002900764833
597,24.795745850078873,24.78631591799253,24.7751464843797,[534.99523926 -48.87013626],[510.19949341 -48.86998367],[485.41317749 -48.87001801],[460.63803101 -48.87000275],15.441469194318525,15.449968338283643,15.455403329619738,15.45825767681298
598,24.795013428093846,24.78582763674253,24.77484130859845,[536.53942871 -48.87011719],[511.74441528 -48.86998367],[486.95858765 -48.87001801],[462.18374634 -48.87000275],15.440929414834402,15.449102402020827,15.454251291156686,15.456591607830616
599,24.79425048864073,24.78540039064878,24.774505615239075,[538.08355713 -48.87011719],[513.28930664 -48.86998367],[488.50390625 -48.87001801],[463.72940063 -48.87000275],15.440365792522527,15.448235512085144,15.453104974744237,15.454983712983195
600,24.793457031609492,24.785034179688676,24.774475097670642,[539.62768555 -48.87011719],[514.83422852 -48.86998367],[490.04919434 -48.86997604],[465.27471924 -48.87000275],15.439780236634855,15.447358131732425,15.451997758983161,15.453413965108695
601,24.792785644890753,24.7844543457043,24.774353027358142,[541.17163086 -48.87011719],[516.37884521 -48.86998367],[491.59439087 -48.86997604],[466.82003784 -48.87000275],15.439173699748292,15.446461677893307,15.450885773096106,15.45192146485392
602,24.792053223015763,24.78402709961055,24.774169921889392,[542.71539307 -48.87011719],[517.92333984 -48.86998367],[493.13931274 -48.86997604],[468.36514282 -48.87000275],15.438546182057275,15.445566177730605,15.449763298460544,15.450485231387463
603,24.791259765984524,24.78366088867657,24.7741699218797,[544.25915527 -48.87011719],[519.46789551 -48.86998367],[494.68423462 -48.86996841],[469.9100647  -48.86998367],15.437902451939774,15.444658279803166,15.448648453024976,15.449077608148865
604,24.790466308953285,24.78323364258282,24.7741699218797,[545.80285645 -48.87011719],[521.01239014 -48.86998367],[496.22915649 -48.86996841],[471.45498657 -48.86998367],15.437235833668964,15.443732262064545,15.447549820007636,15.447716714017815
605,24.78997802770329,24.78286743164532,24.774139404301575,[547.34661865 -48.87011719],[522.55664062 -48.86998367],[497.77377319 -48.86996841],[472.99963379 -48.86998367],15.436553956622726,15.442793846560043,15.446443557764896,15.44641208697289
606,24.78955078160955,24.782531738285947,24.774139404301575,[548.89038086 -48.87011719],[524.10083008 -48.86998367],[499.31829834 -48.86996841],[474.54415894 -48.86998367],15.435854913454333,15.441855431057327,15.445339202884467,15.44513511701226
607,24.788940430047056,24.782104492192197,24.774139404301575,[550.43389893 -48.87011719],[525.6449585  -48.86998367],[500.862854   -48.86996841],[476.0887146  -48.86998367],15.43513965783722,15.440927505973141,15.444240570069152,15.443886757213875
608,24.78814697301582,24.781799316410947,24.774291992190143,[551.97723389 -48.87011719],[527.18908691 -48.86998367],[502.4072876  -48.86996841],[477.63299561 -48.86997986],15.434410097114517,15.43998241475268,15.443142890941834,15.44267177605903
609,24.787597656419074,24.78158569336407,24.774322509768268,[553.52062988 -48.87007523],[528.73303223 -48.86998367],[503.95144653 -48.86996841],[479.17712402 -48.86997986],15.433661462916843,15.439012528001015,15.442044258151471,15.441493034497826
610,24.787170410325327,24.78121948242657,24.774291992190143,[555.06396484 -48.87007523],[530.27679443 -48.86998367],[505.49557495 -48.86996841],[480.72128296 -48.86997986],15.43290042918271,15.43803596553073,15.44095134741764,15.440335273852428
611,24.78680419938783,24.78085327148907,24.774414062502643,[556.60736084 -48.87007523],[531.82055664 -48.86998367],[507.03970337 -48.86996841],[482.26528931 -48.86997986],15.43212509201736,15.437070847153844,15.439856529346308,15.439192771993216
612,24.786254882981584,24.78067016602032,24.774536132815143,[558.1505127  -48.87007523],[533.36425781 -48.86998367],[508.58358765 -48.86996841],[483.80905151 -48.86997986],15.43133735688046,15.436099053057838,15.438757896588811,15.438072204648952
613,24.785644531419088,24.780517578127643,24.774505615237018,[559.69348145 -48.87007141],[534.90783691 -48.86997986],[510.12731934 -48.86996841],[485.35281372 -48.86997986],15.430538177703328,15.435116768545692,15.437663078540181,15.43697738651641
614,24.78527832048159,24.780090332033893,24.774536132815143,[561.2364502  -48.87007141],[536.45117188 -48.86997986],[511.67108154 -48.86996841],[486.89654541 -48.86997986],15.429726600748927,15.434121132727192,15.436579704595285,15.43588352206183
615,24.784851074387845,24.779785156252643,24.774749755862018,[562.77941895 -48.87007141],[537.99456787 -48.86997986],[513.21478271 -48.86996841],[488.44003296 -48.86997986],15.428903579785791,15.433124543109104,15.43548202554804,15.43480110170167
616,24.784484863450345,24.779724121096393,24.774780273440143,[564.3223877  -48.87007141],[539.53790283 -48.86997986],[514.75817871 -48.86996841],[489.98339844 -48.86997986],15.428072929430956,15.432126999847965,15.434373856096125,15.433742523202296
617,24.78411865251285,24.779541015627643,24.774780273440143,[565.86517334 -48.87007141],[541.08105469 -48.86997986],[516.30151367 -48.86996841],[491.5267334  -48.86997986],15.427230834991484,15.431126595563747,15.43328666749224,15.432686805728387
618,24.783691406419102,24.779174804692197,24.7747802734422,[567.40771484 -48.87007141],[542.62402344 -48.86997986],[517.84484863 -48.8699646 ],[493.07006836 -48.86997986],15.426376342791821,15.430125237603228,15.432204247273832,15.431625366211325
619,24.783325195481602,24.778930664067197,24.7750244140672,[568.95031738 -48.87007141],[544.16699219 -48.86997986],[519.38806152 -48.8699646 ],[494.61303711 -48.86997986],15.42551231385287,15.42911434289809,15.431101800058737,15.430577278137521
620,24.782897949387856,24.778930664067197,24.7750244140672,[570.49285889 -48.87007141],[545.70996094 -48.86997986],[520.93103027 -48.8699646 ],[496.15600586 -48.86997986],15.424645423893729,15.428101540846374,15.429998399047145,15.429543495181365
621,24.78277587907536,24.778625488285947,24.7750244140672,[572.03540039 -48.87007141],[547.25262451 -48.86997986],[522.47399902 -48.8699646 ],[497.69897461 -48.86997986],15.423767089845123,15.427080155728538,15.428914071573349,15.428503990182353
622,24.78234863298161,24.778259277348447,24.7751464843797,[573.57757568 -48.87007141],[548.79522705 -48.86997986],[524.01696777 -48.8699646 ],[499.24182129 -48.86997986],15.422875404357976,15.42606735368286,15.427823068394945,15.427459716814788
623,24.781982422044113,24.778320312502643,24.775115966799518,[575.11981201 -48.87007141],[550.33782959 -48.86997986],[525.55950928 -48.86996841],[500.78439331 -48.86997986],15.421989440918352,15.425051690616412,15.42670726969691,15.426426887542368
624,24.781616211106616,24.778259277373113,24.77511596682624,[576.6619873  -48.87007141],[551.88037109 -48.86997986],[527.10211182 -48.87001801],[502.32699585 -48.86997986],15.421096801759864,15.424020768764848,15.425613405301881,15.42538738255285
625,24.781555175950366,24.777954101591863,24.775085449248117,[578.2041626  -48.87007141],[553.42260742 -48.86997986],[528.64465332 -48.87001801],[503.86956787 -48.86997986],15.420187950139077,15.422988893242708,15.424540519968959,15.424338340823885
626,24.781250000169116,24.77770996097303,24.77517700198866,[579.74603271 -48.87007141],[554.96478271 -48.86997986],[530.18707275 -48.87002182],[505.41189575 -48.86997986],15.419272422798993,15.421976091209567,15.42344188721903,15.42329025277264
627,24.78088378923162,24.77764892581678,24.775207519566784,[581.2878418  -48.87007141],[556.50695801 -48.86997986],[531.72930908 -48.87002182],[506.95410156 -48.86997986],15.41835689545961,15.420961381832463,15.422334671145451,15.422254562491029
628,24.780456543137873,24.77770996097303,24.775207519566784,[582.82965088 -48.87007141],[558.04919434 -48.86997986],[533.27148438 -48.87002182],[508.49627686 -48.86997986],15.4174327850518,15.419924737949803,15.421261787475778,15.421213150167391
629,24.780517578160527,24.777282714844926,24.775207519566784,[584.37145996 -48.87007141],[559.59094238 -48.87002945],[534.81365967 -48.87002182],[510.03845215 -48.86997986],15.416504859947135,15.41887569630453,15.420188903835442,15.420163154778857
630,24.780273437535527,24.777221679688676,24.77517700198866,[585.9130249  -48.87007141],[561.13275146 -48.87002945],[536.35552979 -48.87002182],[511.58035278 -48.86997986],15.415566444424709,15.417853355625772,15.41908645630942,15.419116020417249
631,24.779907226591863,24.777221679690143,24.775207519566784,[587.45446777 -48.87007141],[562.67456055 -48.87003326],[537.89733887 -48.87002182],[513.12213135 -48.86997986],15.414626121553782,15.416834831474837,15.417986869815099,15.418066025036936
632,24.779602050810613,24.777099609377643,24.775207519566784,[588.99584961 -48.87007141],[564.21624756 -48.87003326],[539.43914795 -48.87002182],[514.66394043 -48.86997986],15.413685798682845,15.415784835870886,15.416915893554862,15.417003631894358
633,24.779602050810613,24.776794433596393,24.775146484410534,[590.53723145 -48.87007141],[565.75762939 -48.87003326],[540.98083496 -48.87002182],[516.20568848 -48.86997986],15.412734985394023,15.41473579407464,15.415833473206298,15.415946960801874
634,24.779418945341863,24.776794433596393,24.775207519566784,[592.07849121 -48.87007141],[567.29907227 -48.87003326],[542.52227783 -48.87002182],[517.74707031 -48.86997986],15.411783218430315,15.413709640504914,15.414726257328576,15.414886475016988
635,24.779052734404363,24.776794433596393,24.775146484410534,[593.61950684 -48.87007141],[568.8404541  -48.87003326],[544.06365967 -48.87002182],[519.28851318 -48.86997986],15.410822868397487,15.412678718590145,15.41363620759172,15.41381359147064
636,24.778869628935613,24.776611328127643,24.775146484410534,[595.16052246 -48.87007141],[570.38165283 -48.87003326],[545.6050415  -48.87002182],[520.82989502 -48.86997986],15.409857749992565,15.41162586218323,15.412562370321497,15.412748337323046
637,24.778869628935613,24.776428222658893,24.775146484410534,[596.70153809 -48.87007141],[571.92266846 -48.87003326],[547.14624023 -48.87002182],[522.37109375 -48.86997986],15.408893585261026,15.410575866813902,15.411475181614176,15.411677361135144
638,24.778747558623113,24.776428222658893,24.77514648441729,[598.24243164 -48.87007141],[573.46368408 -48.87003326],[548.68725586 -48.87002182],[523.91210938 -48.86997604],15.407929420528655,15.409543991271581,15.410376548818633,15.410602570254394
639,24.778381347680035,24.77642822266095,24.77514648441729,[599.78308105 -48.87007141],[575.00469971 -48.87003708],[550.22827148 -48.87002182],[525.453125   -48.86997604],15.406953811703895,15.408511162070383,15.409294128490078,15.409528733192213
640,24.778259277367535,24.7761230468797,24.77514648441729,[601.32366943 -48.87007141],[576.54541016 -48.87003708],[551.76928711 -48.87002182],[526.99414062 -48.86997604],15.405982017575722,15.407459259497637,15.408220291233862,15.408453942330866
641,24.778259277367535,24.7761230468797,24.77508544926104,[602.86431885 -48.87007141],[578.08605957 -48.87003708],[553.30993652 -48.87002182],[528.53485107 -48.86997604],15.405007362423746,15.406408310533227,15.407126426821154,15.407380105181083
642,24.778198242211285,24.7761230468797,24.77502441410479,[604.40484619 -48.87007141],[579.62664795 -48.87003708],[554.8505249  -48.87002182],[530.07550049 -48.86997604],15.404030799922467,15.405376435098388,15.406032562412243,15.406295777619723
643,24.777770996117535,24.7761230468797,24.77502441410479,[605.94506836 -48.87007141],[581.16729736 -48.87003708],[556.39117432 -48.87002182],[531.6161499  -48.86997604],15.403043747002606,15.404345513358555,15.404960632516737,15.405209542711932
644,24.777770996117535,24.775878906251176,24.77496337896381,[607.48529053 -48.87007141],[582.70751953 -48.87003708],[557.93164062 -48.87002945],[533.15667725 -48.86997604],15.402066230825517,15.403290749778924,15.40388870262574,15.404124261483444
645,24.777770996117535,24.775878906251176,24.77496337896381,[609.0255127  -48.87007141],[584.2477417  -48.87003708],[559.47186279 -48.87002945],[534.69689941 -48.86997604],15.401082038927736,15.402239800915925,15.402803421483448,15.40303898026047
646,24.777587890648785,24.775939941407426,24.77496337896381,[610.56561279 -48.87007141],[585.7880249  -48.87003708],[561.01208496 -48.87002945],[536.23712158 -48.86997604],15.400094032332037,15.40121650862897,15.401720047526181,15.401952745369787
647,24.777343750029367,24.775817871094045,24.774963378925047,[612.10546875 -48.87007141],[587.328125   -48.87003326],[562.55230713 -48.87002945],[537.77734375 -48.86999893],15.39910602573571,15.400178911249155,15.40065383975957,15.40086651048809
648,24.777343750155342,24.775756835979788,24.774841308612547,[613.64532471 -48.87007141],[588.86798096 -48.86998367],[564.09222412 -48.87002945],[539.31738281 -48.86999893],15.398119926487771,15.399122240182932,15.399586678325575,15.399780274470409
649,24.777343750155342,24.775695800823538,24.774841308612547,[615.18511963 -48.87007141],[590.40777588 -48.86998367],[565.63208008 -48.87002945],[540.85723877 -48.86999893],15.397131919890922,15.398084640784907,15.398512841172412,15.398707390256769
650,24.777221679842842,24.775695800823538,24.774902343764392,[616.72485352 -48.87007141],[591.94763184 -48.86998367],[567.17193604 -48.87002945],[542.39703369 -48.87000275],15.396143913293947,15.397059440976742,15.397439004022942,15.397623062552068
651,24.77697753923165,24.77557373051838,24.774841308608142,[618.26428223 -48.87007141],[593.48730469 -48.86997986],[568.71173096 -48.87002945],[543.93688965 -48.87000275],15.395154953022681,15.39602184318977,15.396376610973565,15.396533966306535
652,24.77697753923165,24.77557373051838,24.774780273451892,[619.80371094 -48.87007141],[595.0267334  -48.86997986],[570.25115967 -48.87002945],[545.47637939 -48.87000275],15.394161224380113,15.394972801307246,15.395311356909842,15.395451545913275
653,24.77697753923165,24.77563476567463,24.774780273451892,[621.34320068 -48.87007141],[596.56622314 -48.86997986],[571.79058838 -48.87002945],[547.01580811 -48.87000275],15.393171310435198,15.393939018316166,15.394243241832601,15.394366264512735
654,24.7767944337629,24.77557373051838,24.774841308608142,[622.88244629 -48.87007141],[598.10565186 -48.86997986],[573.33007812 -48.87002945],[548.55523682 -48.87000275],15.392176628119259,15.392913818402995,15.393186570856727,15.393280029452571
655,24.7766723634504,24.77551269536213,24.774780273451892,[624.42150879 -48.87007141],[599.64483643 -48.86997986],[574.86932373 -48.87002945],[550.09454346 -48.87000275],15.391189575198569,15.391873359709557,15.392133714590551,15.39220523849294
656,24.7766723634504,24.775512695331294,24.774780273438676,[625.96057129 -48.87007141],[601.18389893 -48.86997986],[576.40838623 -48.87001038],[551.63360596 -48.87000275],15.39020442962752,15.390840530415192,15.391076089962318,15.39113616958211
657,24.7766723634504,24.775512695331294,24.774780273438676,[627.49963379 -48.87007141],[602.72296143 -48.86997986],[577.94744873 -48.87001038],[553.17266846 -48.87000275],15.389216423034695,15.389821052563699,15.390028954770965,15.390063285975803
658,24.776489257981652,24.775512695331294,24.774780273438676,[629.03851318 -48.87007141],[604.26202393 -48.86997986],[579.48651123 -48.87001038],[554.71173096 -48.87000275],15.388227462769068,15.388798713691248,15.38898372786401,15.388995170741271
659,24.776428222825402,24.775451660175044,24.774719238282426,[630.57714844 -48.87007141],[605.80072021 -48.86997986],[581.02526855 -48.87001038],[556.25054932 -48.87000275],15.387238502505202,15.387773513797287,15.387940408136437,15.387932777552951
660,24.776428222825402,24.775512695331294,24.774719238282426,[632.11584473 -48.87007141],[607.3394165  -48.86997986],[582.56390381 -48.87001038],[557.78918457 -48.87000275],15.386241912848854,15.386745452881806,15.386899949455787,15.386864662318827
661,24.776489257981652,24.775451660175044,24.774719238282426,[633.65454102 -48.87007141],[608.87805176 -48.86997986],[584.1026001  -48.87001038],[559.32788086 -48.87000275],15.385253906263662,15.385722160339366,15.385862351830284,15.385801315455952
662,24.776245117356652,24.775390625018794,24.774780273438676,[635.19293213 -48.87007141],[610.41668701 -48.86997986],[585.64129639 -48.87001038],[560.86651611 -48.87000275],15.384264946006716,15.384709358215947,15.38482475422511,15.384754181056797
663,24.776306152512902,24.775390625018794,24.774780273438676,[636.73126221 -48.87007141],[611.95495605 -48.86997986],[587.17956543 -48.87001038],[562.40478516 -48.87000275],15.383275032078547,15.383685112002302,15.38378715662964,15.383707046657198
664,24.776245117356652,24.775451660175044,24.774780273438676,[638.26953125 -48.87007141],[613.49328613 -48.86997986],[588.71783447 -48.87001038],[563.9430542  -48.87000275],15.38228607182787,15.382660865790427,15.382749559040791,15.382646560817422
665,24.776245117356652,24.775451660175044,24.774719238282426,[639.80780029 -48.87007141],[615.03155518 -48.86997986],[590.25610352 -48.87001038],[565.48138428 -48.87000275],15.3812971115809,15.38164806367205,15.381718637175837,15.381598472743484
666,24.776123047044152,24.775390625018794,24.774780273438676,[641.3458252  -48.87007141],[616.56970215 -48.86997986],[591.79431152 -48.87001038],[567.01953125 -48.87000275],15.380308151338074,15.38063526155562,15.38069343735823,15.380552292018107
667,24.776123047044152,24.775390625018794,24.774780273438676,[642.88372803 -48.87007141],[618.10760498 -48.86997986],[593.33221436 -48.87001038],[568.55743408 -48.87000275],15.379320144773814,15.379617691069448,15.37966060815013,15.379504203944274
668,24.776123047044152,24.775390625018794,24.774841308594926,[644.42163086 -48.87007141],[619.64550781 -48.86997986],[594.87011719 -48.87001038],[570.09527588 -48.87000275],15.378331184540038,15.378605842631101,15.37863254731493,15.378466606287812
669,24.776123047044152,24.775390625018794,24.774841308594926,[645.95953369 -48.87007141],[621.18341064 -48.86997986],[596.40802002 -48.87001038],[571.63317871 -48.87000275],15.377342224311832,15.377596855218053,15.377607347506155,15.377429008631221
670,24.776000976731655,24.7753906250047,24.774902343779367,[647.49713135 -48.87007141],[622.72113037 -48.86997986],[597.94573975 -48.8699646 ],[573.1708374  -48.87000275],15.376353264089055,15.376596450875715,15.37658310137384,15.376396179346601
671,24.776000976746044,24.7753906250047,24.774841308623117,[649.03460693 -48.87007523],[624.25860596 -48.86997986],[599.48321533 -48.8699646 ],[574.70837402 -48.87000275],15.375369072244093,15.37558269509551,15.375569343845912,15.37537479415324
672,24.776000976746044,24.7753906250047,24.774902343779367,[650.57214355 -48.87007523],[625.79614258 -48.86997986],[601.02075195 -48.8699646 ],[576.24584961 -48.87000275],15.37438488050021,15.374572754014707,15.374548912343924,15.374346733239854
673,24.776000976746044,24.775390625007343,24.774902343785534,[652.10961914 -48.87007523],[627.33361816 -48.86997986],[602.55822754 -48.86996078],[577.7833252  -48.87000275],15.373401642352814,15.37357139600531,15.373532295370662,15.373316764977695
674,24.775939941589794,24.775390625007343,24.774963378941784,[653.64685059 -48.87007523],[628.87091064 -48.86997986],[604.09552002 -48.86996078],[579.32055664 -48.87000275],15.372424126282457,15.372570037998267,15.372519493128944,15.372294426110143
675,24.776000976746044,24.775390625007343,24.774963378941784,[655.184021   -48.87007523],[630.40802002 -48.86997986],[605.63262939 -48.86996078],[580.85766602 -48.87000275],15.37143802715256,15.371569633668257,15.371505737307277,15.371281623985697
676,24.775878906433544,24.775390625007343,24.774963378941784,[656.7210083  -48.87007523],[631.94512939 -48.86997986],[607.16973877 -48.86996078],[582.39477539 -48.87000275],15.37045765007621,15.370571136689598,15.370494842532386,15.370261192466423
677,24.775451660339797,24.775390625007343,24.774963378941784,[658.25769043 -48.87007523],[633.48223877 -48.86997986],[608.70684814 -48.86996078],[583.93188477 -48.87000275],15.36948108770643,15.369570732364709,15.369494438194579,15.369245529318842
678,24.775329590027297,24.775451660163593,24.775024414098034,[659.79443359 -48.87007523],[635.019104   -48.86997986],[610.24365234 -48.86996078],[585.46862793 -48.87000275],15.368504525348026,15.368549347208226,15.368483543455387,15.36823177351999
679,24.775329590027297,24.775451660163593,24.775085449254284,[661.33117676 -48.87007523],[636.55584717 -48.86997986],[611.78039551 -48.86996078],[587.00531006 -48.87000275],15.367527963002555,15.367521286334425,15.367477417102513,15.367227554464106
