,c0_c1,c1_c2,c2_c3,p1,p2,p3,p4,v1,v2,v3,v4
0,27.625595092773438,27.625595092773438,27.625579833984375,[-100.          -48.86999893],[-127.62559509  -48.86999893],[-155.25119019  -48.86999893],[-182.87677002  -48.86999893],0.0,0.0,0.0,0.0
1,27.625595092773438,27.625595092773438,27.625579833984375,[-100.          -48.86999893],[-127.62559509  -48.86999893],[-155.25119019  -48.86999893],[-182.87677002  -48.86999893],0.0,0.0,0.0,0.0
2,27.625595092773438,27.625595092773438,27.625579833984375,[-100.          -48.86999893],[-127.62559509  -48.86999893],[-155.25119019  -48.86999893],[-182.87677002  -48.86999893],0.0,0.0,0.0,0.0
3,27.627540588378906,27.625587463378906,27.625579833984375,[-99.99635315 -48.86999893],[-127.62389374  -48.86999893],[-155.2494812   -48.86999893],[-182.87506104  -48.86999893],0.09550646767510092,0.047723669422002124,0.047723971178695014,0.04772403078396666
4,27.646530151443248,27.62520599395681,27.625595093260422,[-99.95761871 -48.86987686],[-127.60414886  -48.86994171],[-155.22935486  -48.87007141],[-182.85494995  -48.86990738],0.6344096147787697,0.3792142204839987,0.31518671532137676,0.31817757689998527
5,27.72702026377684,27.623550415090687,27.573104858956803,[-99.87469482 -48.87005615],[-127.60171509  -48.87013245],[-155.2252655   -48.87018585],[-182.79837036  -48.87001038],0.9771261277643981,3.168453828770236e-05,3.703493105431046e-05,0.7633244714180603
6,27.825424195406985,27.620498657264495,27.5735168461467,[-99.76821899 -48.86988831],[-127.59364319  -48.87013245],[-155.21414185  -48.87017822],[-182.78765869  -48.87002182],1.1549958715889934,0.14640851843915045,0.19966563793995404,8.677229356708883e-05
7,27.92871856809917,27.61891174317697,27.59852600098948,[-99.63518524 -48.86982346],[-127.56390381  -48.87008286],[-155.18281555  -48.87005615],[-182.78134155  -48.87002945],1.4964319537163493,0.4128143119258531,0.3894581364223316,0.16490648724266274
8,28.051078797061372,27.628356933594805,27.638198852678325,[-99.46208954 -48.86988068],[-127.51316833  -48.87007523],[-155.14152527  -48.87008286],[-182.77972412  -48.86999512],1.8566167310947361,0.6337652877619607,0.485191424805769,1.2793563512842115e-05
9,28.174568176306718,27.65423584011317,27.68708801274682,[-99.25876617 -48.86988068],[-127.43333435  -48.86992645],[-155.08757019  -48.87004852],[-182.7746582   -48.86999512],2.141087684251594,0.9762977063522031,0.6384978694018799,0.06419434132255097
10,28.292312622163152,27.695442200215645,27.732849121513524,[-99.02732086 -48.86972046],[-127.31963348  -48.86979294],[-155.01507568  -48.86996078],[-182.7479248  -48.8698082],2.4428016868805393,1.2508473773943611,0.8246817462558289,0.47579776406911384
11,28.408058169891135,27.750877380415403,27.821304321573862,[-98.76364136 -48.86936951],[-127.17169952  -48.8698082 ],[-154.9225769   -48.86985779],[-182.74388123  -48.8697319 ],2.7707990968181186,1.6245388226734554,1.02252769758699,3.651970901426722e-05
12,28.518264781974523,27.822906494624156,27.91629028359955,[-98.46864319 -48.8689003 ],[-126.98690796  -48.86970901],[-154.80981445  -48.86987305],[-182.72610474  -48.86972427],3.0741923335910686,1.968823475039087,1.2521334074166892,0.3134079394519665
13,28.6266403485187,27.904708862880668,28.008804321414793,[-98.14409637 -48.86832809],[-126.77073669  -48.86960983],[-154.67544556  -48.86978912],[-182.68424988  -48.8697052 ],3.3736433217850994,2.281712045371775,1.471922248897523,0.5031994047103747
14,28.73342901125331,27.99603271539368,28.112579345746866,[-97.78945923 -48.86771393],[-126.52288818  -48.86951065],[-154.5189209   -48.86968613],[-182.63150024  -48.86973572],3.6790065973712633,2.6035604480094854,1.698465403630423,0.6017543839172966
15,28.840751738165714,28.092147827720577,28.214874268475793,[-97.4056015  -48.86712646],[-126.24635315  -48.86940765],[-154.33850098  -48.86958694],[-182.55337524  -48.86981201],3.9638094489314057,2.8985552810400406,1.9415436447388927,0.9403012426467493
16,28.94467176117201,28.195182800990754,28.303482059365862,[-96.99347687 -48.86654282],[-125.9381485  -48.8692894],[-154.1333313   -48.86948776],[-182.43681335  -48.86994553],4.250201561666419,3.2340815029706245,2.1864479446261376,1.319419928028369
17,29.043098624796396,28.30719757127604,28.389434820219673,[-96.55281067 -48.86600113],[-125.59590912  -48.86919022],[-153.90310669  -48.86935425],[-182.2925415   -48.86992645],4.532191860723149,3.566848486185344,2.4392689257374456,1.5408677210051551
18,29.13714621068036,28.425186157722116,28.47813416373638,[-96.08447266 -48.86549759],[-125.22161865  -48.86903381],[-153.64680481  -48.86920166],[-182.12493896  -48.86989594],4.806607682034843,3.8828105541590476,2.6728490057597107,1.8102473047717458
19,29.22722651328797,28.55036163357831,28.55879212692733,[-95.58874512 -48.86505127],[-124.81597137  -48.86891937],[-153.36633301  -48.86904526],[-181.92512512  -48.86989594],5.08073741636747,4.196694975877318,2.9299483691255213,2.1480069176736336
20,29.30699949880896,28.677658081156174,28.636886614522204,[-95.07236481 -48.86467361],[-124.37936401  -48.86881256],[-153.05702209  -48.86888885],[-181.69390869  -48.86989975],5.162348555072909,4.5031605886659305,3.2336168426104175,2.436513666716279
21,29.35689576718358,28.803909301773977,28.71795656669229,[-94.55651093 -48.86436462],[-123.91340637  -48.86870193],[-152.71731567  -48.86873245],[-181.43527222  -48.86989975],5.215997136552218,4.781941017893915,3.5309254929297182,2.7156341132312187
22,29.399765354587853,28.926887512209294,28.798767118707296,[-94.02152252 -48.86413574],[-123.42128754  -48.86860657],[-152.34817505  -48.86861801],[-181.14694214  -48.86990738],5.508047725290404,5.032371088652288,3.828571258772846,3.0221531455219237
23,29.456138964166744,29.040779113799847,28.879303012634846,[-93.45198059 -48.86398315],[-122.9081192   -48.86854553],[-151.94889832  -48.86850357],[-180.82820129  -48.86990738],5.847900410837453,5.124897982427382,4.128683732936836,3.3186428621947637
24,29.540489549684754,29.126007080210275,28.959701577884026,[-92.85422516 -48.86391449],[-122.39471436  -48.86848068],[-151.52072144  -48.86839294],[-180.48042297  -48.86991119],6.095802317439978,5.1629748482310465,4.402079705175337,3.609362132267649
25,29.62873874757543,29.20574951220106,29.036392258031174,[-92.23236084 -48.86392975],[-121.86109924  -48.86844635],[-151.06684875  -48.8682785 ],[-180.10324097  -48.86991501],6.3489271335707365,5.500442506673913,4.647608837767541,3.904958493744721
26,29.701744405251645,29.303802491219855,29.108795217535835,[-91.58245087 -48.86403275],[-121.28419495  -48.86843109],[-150.58799744  -48.86819077],[-179.6967926   -48.86992264],6.641972373933549,5.940091610044951,4.911138097751977,4.193757064085872
27,29.76950865809013,29.407524110353663,29.181518607446666,[-90.90353394 -48.86421585],[-120.6730423   -48.86841583],[-150.08056641  -48.8681221 ],[-179.26208496  -48.86987686],6.922552192632067,6.213307861526763,5.2128663250557485,4.470061786756098
28,29.840805317432903,29.523727419556195,29.2378082839235,[-90.19754028 -48.86448288],[-120.03834534  -48.86845016],[-149.56207275  -48.86806107],[-178.79988098  -48.86987686],7.191156275291616,6.452885170658568,5.182935720165337,4.747279168083213
29,29.9094774599528,29.666664126835336,29.27076726918556,[-89.4642334  -48.86480713],[-119.37371063  -48.8684845 ],[-149.04037476  -48.86804199],[-178.31114197  -48.86987305],7.4678827728813895,6.797416239768425,5.307749748271908,4.992274288000087
30,29.970192142716336,29.817337040847477,29.31054693339151,[-88.70302582 -48.86520386],[-118.67321777  -48.86855316],[-148.49055481  -48.86802292],[-177.80110168  -48.86987305],7.745932957755351,7.1429472517544985,5.704185012364992,5.119724276935967
31,30.027206569837066,29.953941351050634,29.396041926670375,[-87.91442108 -48.86565018],[-117.9416275  -48.8686409],[-147.89556885  -48.86804962],[-177.29161072  -48.86987305],8.01536609900593,7.437958308901209,6.148578187257651,5.088016036239878
32,30.08107005879246,30.081527716869118,29.50947576224215,[-87.09934998 -48.86612701],[-117.18041992  -48.86872864],[-147.26194763  -48.86808395],[-176.77142334  -48.86987305],8.276467856117836,7.744273744426474,6.502297914093948,5.322871687692302
33,30.128769003544186,30.205879219230255,29.621566822201096,[-86.25850677 -48.86661148],[-116.3872757   -48.86884308],[-146.59315491  -48.86815643],[-176.21472168  -48.86987305],8.531242860195384,8.066547495881238,6.872947760926929,5.739698412447651
34,30.170249997817375,30.320785531585646,29.736267134665752,[-85.39253998 -48.86709976],[-115.56278992  -48.86898422],[-145.88357544  -48.86824036],[-175.61984253  -48.86987305],8.778855721491384,8.370857341995675,7.297643753973946,6.081701757563515
35,30.206558266659076,30.423568735344432,29.86175540910998,[-84.50218201 -48.86759186],[-114.70874023  -48.86912918],[-145.13230896  -48.86835861],[-174.99406433  -48.86986542],9.018773319121484,8.6645804339306,7.697196610861268,6.396317007030265
36,30.236953758775577,30.517662057220672,29.988433868986476,[-83.58824921 -48.86804581],[-113.82520294  -48.86923599],[-144.34286499  -48.86849976],[-174.33129883  -48.86986542],9.251632709085985,8.960307195888149,8.074846411616416,6.810876370086013
37,30.26102448792777,30.602500923664575,30.110107446774347,[-82.65136719 -48.86846161],[-112.91239166  -48.8693428 ],[-143.51489258  -48.86863708],[-173.625      -48.8698616],9.477593258562313,9.248732648218295,8.466226729492137,7.238901139529424
38,30.279235845766788,30.676185614927064,30.231002826756917,[-81.69223785 -48.86884689],[-111.97147369  -48.8694458 ],[-142.6476593   -48.86878967],[-172.87866211  -48.86986542],9.696498537318677,9.52577026366658,8.85330503132933,7.627827167667951
39,30.291671755052064,30.73953247602881,30.350051892786286,[-80.71157837 -48.86919022],[-111.00325012  -48.8695488 ],[-141.74278259  -48.86897659],[-172.09283447  -48.8698616 ],9.908522106045934,9.796649048237429,9.221564457479897,8.038433075311472
40,30.298248291480544,30.793197636142224,30.4625854579322,[-79.71005249 -48.86948013],[-110.00830078  -48.86964798],[-140.80149841  -48.869133  ],[-171.26408386  -48.8698616 ],10.113878570344822,10.06072622344436,9.584324009850368,8.472966194157713
41,30.299179077150598,30.836509708101765,30.568710332503883,[-78.6883316  -48.86973953],[-108.98751068  -48.86975098],[-139.82402039  -48.86928558],[-170.39273071  -48.86985779],10.312636674814794,10.314910942546447,9.942283747493008,8.891304969809411
42,30.294761658080144,30.869606020764934,30.668624880800344,[-77.64707947 -48.86999512],[-107.94184113  -48.86984634],[-138.81144714  -48.86943817],[-169.48007202  -48.86985779],10.504909764996997,10.560215041265888,10.28594503462115,9.306184769042185
43,30.285194398116477,30.89311218474276,30.760116578340828,[-76.58690643 -48.87021255],[-106.87210083  -48.86994934],[-137.76521301  -48.86958694],[-168.52532959  -48.86985779],10.69087810554543,10.797491110428911,10.617454615370617,9.731357575306822
44,30.27073669650521,30.907020570430582,30.841766357634196,[-75.508461   -48.87041473],[-105.77919769  -48.87005234],[-136.68621826  -48.86973953],[-167.52798462  -48.86985397],10.870672375381735,11.025594737295991,10.940322946728882,10.158434869556515
45,30.251663211765848,30.911491395163615,30.913055419922816,[-74.41234589 -48.8705864 ],[-104.66400909  -48.87010956],[-135.57550049  -48.86984634],[-166.48855591  -48.86985397],11.044427026621792,11.244398132992496,11.250856450909847,10.57120990969503
46,30.22832489562492,30.906997681428923,30.974563598768114,[-73.29914093 -48.8707428 ],[-103.52746582  -48.87016678],[-134.4344635   -48.86994934],[-165.4090271   -48.86985779],11.212300378324858,11.454572690517102,11.547221227248798,10.96824550906798
47,30.200950629685916,30.894294739184975,31.025192261080832,[-72.16946411 -48.87086868],[-102.37041473  -48.87021255],[-133.26470947  -48.87005234],[-164.28990173  -48.86990738],11.374443104449222,11.65598965521623,11.825487169220533,11.362640384198627
48,30.169906624464847,30.87414550806914,31.0647735604135,[-71.02383423 -48.87097168],[-101.19374084  -48.87026596],[-132.06788635  -48.87014008],[-163.13265991  -48.86991119],11.531001122643518,11.848351483860029,12.090681097107584,11.732104302604627
49,30.13556672060657,30.84662628195057,31.094696046203225,[-69.86283875 -48.87105179],[-99.99840546 -48.87030792],[-130.84503174  -48.87019348],[-161.93972778  -48.86991119],11.682126063372163,12.030560495563687,12.345251096431978,12.085080148701875
50,30.09841157071928,30.81204223639637,31.114334108256216,[-68.68698883 -48.87111282],[-98.78540039 -48.87031174],[-129.59744263  -48.87024689],[-160.71177673  -48.86991119],11.827981004586416,12.20392513333179,12.585628519149134,12.433654787541421
51,30.058670055982642,30.77109527588269,31.123336793843944,[-67.49681854 -48.87116623],[-97.55548859 -48.87031555],[-128.32658386  -48.87030029],[-159.44992065  -48.86996078],11.96870804240113,12.369920731091405,12.812166219510253,12.764255526557466
52,30.016586316422526,30.72423553469165,31.12254333739323,[-66.29283905 -48.87118912],[-96.30942535 -48.87031555],[-127.03366089  -48.8703537 ],[-158.15620422  -48.8699646 ],12.104110718649085,12.527984619385181,13.026960375219083,13.076023102535952
53,29.972427381117715,30.67186737062919,31.1120834374917,[-65.0756073  -48.87119675],[-95.04803467 -48.87031555],[-125.71990204  -48.8703537 ],[-156.83198547  -48.8699646 ],12.234047889823557,12.67810630812399,13.229014397010614,13.377092362545541
54,29.926399243930607,30.61460876468266,31.09169769540221,[-63.84562683 -48.87119675],[-93.77202606 -48.87031555],[-124.38663483  -48.87036133],[-155.47833252  -48.8699646 ],12.359395027176054,12.820977211067012,13.417882919721649,13.664296151429394
55,29.878849042535236,30.552925109897572,31.06180572763121,[-62.6033287  -48.87119675],[-92.48217773 -48.87031555],[-123.03510284  -48.87036133],[-154.09690857  -48.8699646 ],12.48038196588832,12.956713676477758,13.594711303831481,13.934087754652248
56,29.829986585394064,30.487373352085147,31.022888186130483,[-61.34915924 -48.87120056],[-91.17914581 -48.87031555],[-121.66651917  -48.87036133],[-152.68940735  -48.8699646 ],12.596862793774216,13.085428237918258,13.759814262462529,14.188644410753872
57,29.78006364230084,30.418395996128194,30.975219729103134,[-60.08356857 -48.87120056],[-89.8636322  -48.87031555],[-120.2820282   -48.87036133],[-151.25724792  -48.8699646 ],12.709093095746244,13.207530021669786,13.913275718727663,14.42798900791051
58,29.729320538403126,30.34651947024937,30.91929626690846,[-58.80695724 -48.87117004],[-88.53627777 -48.87031555],[-118.88279724  -48.87036133],[-149.80209351  -48.86998749],12.81729793861493,13.323287010217523,14.05577087404413,14.650385858854674
59,29.677989970839615,30.272186279331486,30.855705263403657,[-57.5197258  -48.87112808],[-87.19771576 -48.87031555],[-117.46990204  -48.87036133],[-148.3256073   -48.86999512],12.921519282023421,13.432906150891373,14.187801361093568,14.856238366533939
60,29.626232158047394,30.195846557651887,30.78507232883833,[-56.22227097 -48.87111664],[-85.84850311 -48.87031555],[-116.04434967  -48.87036133],[-146.829422    -48.86999512],13.02187824408554,13.536702156220098,14.309617996218474,15.046193124200327
61,29.574302684086373,30.117881774931575,30.707962038316456,[-54.91496277 -48.87111664],[-84.48926544 -48.87031937],[-114.60714722  -48.87036133],[-145.31510925  -48.86999512],13.118543627105499,13.634954452782416,14.421681404113773,15.21992302087387
62,29.52229310048239,30.038780212431654,30.624954225822375,[-53.59818268 -48.87107468],[-83.12047577 -48.87031937],[-113.15925598  -48.87036133],[-143.78421021  -48.86999512],13.211619380419936,13.72791004233749,14.524510383608611,15.381151200901169
63,29.47044373459273,29.95886993411142,30.536415102293567,[-52.27226257 -48.87104797],[-81.7427063  -48.87031937],[-111.70157623  -48.87036133],[-142.23799133  -48.86999512],13.301217080803761,13.81583976819745,14.618511199963399,15.525569917492232
64,29.418869027577273,29.878517150908372,30.44351196500242,[-50.93755341 -48.87104797],[-80.35642242 -48.87031937],[-110.23493958  -48.87036133],[-140.67845154  -48.87000275],13.387457848945013,13.899008751954101,14.704147338898178,15.6502389927267
65,29.367675790288313,29.798110961943607,30.347023012283223,[-49.5943985  -48.87104797],[-78.96207428 -48.87031937],[-108.76018524  -48.87036133],[-139.10720825  -48.87001038],13.470463754911984,13.977666856253604,14.781928062500205,15.761990548970454
66,29.317005165334105,29.717956542998376,30.247390749106312,[-48.24309921 -48.87099838],[-77.56010437 -48.87031937],[-107.27806091  -48.87036133],[-137.52545166  -48.87001038],13.55033874802354,14.052051546007846,14.852320671186346,15.861171724063386
67,29.26697922567389,29.638336181703473,30.145317079679614,[-46.88396835 -48.87099075],[-76.15094757 -48.87030029],[-105.78928375  -48.87036133],[-135.93460083  -48.87001038],13.62718677618603,14.122404100824868,14.915795326398996,15.945557596131508
68,29.21766281961893,29.559547424405263,30.041503907918493,[-45.51729965 -48.87099075],[-74.73496246 -48.87029266],[-104.29450989  -48.87036514],[-134.33601379  -48.87004852],13.701117517049939,14.188949586683343,14.972837448366766,16.017393114147882
69,29.16916275859764,29.481849670499248,29.936454774623567,[-44.14338303 -48.87099075],[-73.31254578 -48.87029266],[-102.79439545  -48.87036514],[-132.73085022  -48.87004852],13.772236826084171,14.251900674746063,15.023905754537457,16.07820510914393
70,29.12151718913578,29.405456543111274,29.830741883964258,[-42.76249313 -48.87094498],[-71.88401031 -48.87027359],[-101.28946686  -48.87036514],[-131.12020874  -48.87005234],13.840634348729491,14.31145954351765,15.0694551473861,16.12754058893872
71,29.07482147974452,29.3305206300257,29.725006105161498,[-41.37490082 -48.87093735],[-70.44972229 -48.87027359],[-99.78024292 -48.87036514],[-129.50524902  -48.87005234],13.906412125617297,14.36782455589098,15.109925270885574,16.166267395349998
72,29.0291061477252,29.25730133070965,29.619697572452505,[-39.98085785 -48.87093735],[-69.00996399 -48.87027359],[-98.26726532 -48.87036514],[-127.88696289  -48.87005234],13.969665528743048,14.421181680571312,15.1457347880423,16.19571876550865
73,28.984409339875576,29.18589782729203,29.5152664201146,[-38.580616   -48.87093735],[-67.56502533 -48.87027359],[-96.75092316 -48.87036514],[-126.26618958  -48.87005234],14.030479433028882,14.471724512200144,15.177295686163752,16.216320038039058
74,28.940788276919342,29.116439819642054,29.41218567060869,[-37.17440796 -48.87090683],[-66.11519623 -48.87023163],[-95.23163605 -48.87036514],[-124.64382172  -48.87005234],14.088942530211002,14.519622805012972,15.205005647445757,16.228675842454603
75,28.898235328844017,29.049079895244954,29.31083679346397,[-35.76247025 -48.87090302],[-64.66070557 -48.87023163],[-93.70978546 -48.87034607],[-123.02062225  -48.87005234],14.145146371333958,14.565047264693233,15.22922039241548,16.23377609268414
76,28.85679627245873,28.983863830777526,29.21158599997383,[-34.34502411 -48.87090302],[-63.20182037 -48.87023163],[-92.1856842  -48.87034225],[-121.3972702   -48.87005234],14.199169160907713,14.608141899935257,15.250305177263282,16.232307434228023
77,28.816452033158242,28.920909881803375,29.11476898337705,[-32.92228317 -48.87085724],[-61.7387352  -48.87023163],[-90.65964508 -48.87034225],[-119.77441406  -48.87005234],14.25109195966807,14.649057389086348,15.268593789827708,16.22486495985707
78,28.777217871707872,28.860229492399526,29.020690919416886,[-31.49445724 -48.87085342],[-60.27167511 -48.87023163],[-89.1319046  -48.87034225],[-118.15259552  -48.87005234],14.300992012821506,14.68792247849921,15.284380914694292,16.212207794325437
79,28.739084250500966,28.801864624096446,28.92958068950673,[-30.06174278 -48.87085342],[-58.80082703 -48.87023163],[-87.60269165 -48.87029648],[-116.53227234  -48.87005234],14.348937989486728,14.724851609103991,15.297980310697904,16.19502830518595
80,28.702074057638544,28.745830535961822,28.841667176326276,[-28.62433052 -48.87085342],[-57.32640457 -48.87023163],[-86.07223511 -48.87029648],[-114.91390228  -48.87005234],14.395007134977396,14.759968758547153,15.309642792187956,16.173885345588157
81,28.666166312285654,28.692173004223676,28.75709533795041,[-27.18240166 -48.87085342],[-55.84856796 -48.87023163],[-84.54074097 -48.87029648],[-113.2978363   -48.87005234],14.439266206716784,14.793378830990655,15.31961917937795,16.149393081791114
82,28.631326681441884,28.640842437817557,28.676071168031463,[-25.7361393  -48.87081909],[-54.36746597 -48.87023163],[-83.00830841 -48.87029648],[-111.68437958  -48.87005234],14.481786730371365,14.825176240188803,15.328148842384307,16.122133255127704
83,28.59754944427773,28.591815948559873,28.598701478092867,[-24.28571701 -48.87080765],[-52.88326645 -48.87023163],[-81.4750824  -48.87029648],[-110.07378387  -48.87005234],14.52263355377623,14.85545730724501,15.335425377388585,16.09261131298568
84,28.56483269318574,28.54506683356976,28.52503204450181,[-22.83129311 -48.87080765],[-51.39612579 -48.87023163],[-79.94119263 -48.87029648],[-108.46622467  -48.87005234],14.561877251988907,14.884305955499823,15.341640472935685,16.061317443963684
85,28.53314209565801,28.500553131177295,28.455146790598125,[-21.3730278  -48.87080765],[-49.90616989 -48.87023163],[-78.40672302 -48.87029648],[-106.86186981  -48.87005234],14.599575998099727,14.911805154623226,15.346973419779383,16.028722763173597
86,28.502464300100947,28.458240509107092,28.389076233959937,[-19.91106796 -48.87080002],[-48.41353226 -48.87023163],[-76.87177277 -48.87029648],[-105.260849    -48.87005234],14.635790826980914,14.938033105909609,15.351569176406457,15.995237350571447
87,28.47278214053175,28.41803741475151,28.326805115798184,[-18.44556808 -48.87075043],[-46.91835022 -48.87018967],[-75.33638763 -48.87029648],[-103.66319275  -48.87005234],14.670578005110837,14.963057520238108,15.355565071912833,15.961242675884273
88,28.444065099521698,28.379913330279123,28.268310547929268,[-16.9766655  -48.87075043],[-45.42073059 -48.87018967],[-73.80064392 -48.87029648],[-102.06895447  -48.87005234],14.703994751462298,14.986945152836016,15.359085083960574,15.927093505957039
89,28.416276937295656,28.34378814717391,28.213569642169592,[-15.50449181 -48.87075043],[-43.92076874 -48.87018967],[-72.26455688 -48.87029648],[-100.47812653  -48.87005234],14.736088753604538,15.009760857341625,15.362224579983478,15.893098831268691
90,28.38940620976183,28.30959701558236,28.16248321639026,[-14.02917671 -48.87075043],[-42.41858292 -48.87018967],[-70.72817993 -48.87029648],[-98.89066315 -48.87005234],14.76691341495848,15.031558037414591,15.36511421335259,15.859537124719088
91,28.363421445667782,28.27724838277009,28.114990235435016,[-12.55085087 -48.87075043],[-40.91427231 -48.87018967],[-69.19152069 -48.87029648],[-97.30651093 -48.87005234],14.796518326959491,15.05239009912187,15.367797853115034,15.826658248980142
92,28.33830833989877,28.24666595479179,28.07101440535855,[-11.06962776 -48.87075043],[-39.4079361  -48.87018967],[-67.65460205 -48.87029648],[-95.72561646 -48.87005234],14.824947358668346,15.072301865163228,15.370319368278018,15.794677734446486
93,28.314026838133508,28.21779632577668,28.030410767386773,[ -9.58562374 -48.87075043],[-37.89965057 -48.87018967],[-66.1174469  -48.87026215],[-94.14785767 -48.87005234],14.852243425431631,15.091348648629916,15.372780801999967,15.763772964541996
94,28.29056072696912,28.19052886972208,27.993064881157352,[ -8.09895039 -48.87070084],[-36.38951111 -48.87018967],[-64.58003998 -48.87026215],[-92.57310486 -48.87005234],14.878457071989745,15.109571457503844,15.375226975278258,15.734100341853507
95,28.267878536962694,28.164806366060056,27.95885467608019,[ -6.60971165 -48.87069702],[-34.87759018 -48.87018967],[-63.04239655 -48.87026215],[-91.00125122 -48.87005234],14.903626442652893,15.126996994662752,15.377675057463748,15.705795288134732
96,28.2459507034091,28.14052200326717,27.92767334063185,[ -5.11801338 -48.87069702],[-33.36396408 -48.87018967],[-61.50448608 -48.87026215],[-89.43215942 -48.87005234],14.927788735446024,15.143678665864472,15.380171776792537,15.678955078165833
97,28.22476125219487,28.117614746187165,27.89933395464632,[ -3.62395167 -48.87069702],[-31.84871292 -48.87018967],[-59.96632767 -48.87026215],[-87.86566162 -48.87005234],14.950989724346547,15.159640312968401,15.382742882766948,15.65366077426396
98,28.20428729513641,28.096006393526103,27.873710633113845,[ -2.12761617 -48.87069702],[-30.33190346 -48.87018967],[-58.42790985 -48.87026215],[-86.30162048 -48.87005234],14.973381997457023,15.174921990295685,15.385395051118905,15.629975318934315
99,28.182739441193217,28.075622558687304,27.8506278999602,[ -0.63085538 -48.87069702],[-28.81359482 -48.87018967],[-56.88921738 -48.87026215],[-84.73984528 -48.87005234],14.9498119370529,15.189563752169127,15.388141633277959,15.607932090777842
100,28.153918747501095,28.05615234384362,27.829929352597507,[  0.85982466 -48.87068558],[-27.29409409 -48.87018967],[-55.35024643 -48.87026215],[-83.18017578 -48.87005234],14.866701128154741,15.197793007950114,15.390997888018623,15.587553024304484
101,28.10890078975367,28.036445617769466,27.811424256162486,[  2.33432651 -48.87068176],[-25.77457428 -48.87018967],[-53.8110199  -48.87026215],[-81.62244415 -48.87005234],14.58692074008456,15.190070153453041,15.393203736907997,15.568836212165452
102,28.022751335650092,28.01400375375587,27.794815064268427,[  3.76505709 -48.87068176],[-24.25769424 -48.87018967],[-52.271698   -48.87026215],[-80.06651306 -48.87005234],14.061697961919434,15.143345834115188,15.392528535717469,15.5516757965121
103,27.88730335669769,27.983613967946468,27.77939987248097,[  5.13807964 -48.87068176],[-22.74922371 -48.87018967],[-50.73283768 -48.87024307],[-78.51223755 -48.87005234],13.454869272486667,15.02414035937215,15.383903505457784,15.535646438599478
104,27.705955986578402,27.938663482717057,27.763862610518444,[  6.4489255  -48.87068176],[-21.25703049 -48.87018967],[-49.19569397 -48.87024307],[-76.95955658 -48.87005234],12.825745584774491,14.829175950582963,15.357825280541794,15.519583702087406
105,27.48473787748272,27.87479782109608,27.746006012618476,[  7.69695711 -48.87068176],[-19.78778076 -48.87018967],[-47.66257858 -48.87024307],[-75.40858459 -48.87005234],12.20023632270723,14.572965623483054,15.304995538328395,15.501095771790704
106,27.23058033434146,27.78909683232671,27.723300934494013,[  8.88322163 -48.87068176],[-18.3473587  -48.87018967],[-46.13645554 -48.87024307],[-73.85975647 -48.87005234],11.589514734611297,14.25791549837027,15.220756532326993,15.476651191715963
107,26.951025013647836,27.679115295461678,27.693222046555274,[ 10.0094738  -48.87068176],[-16.94155121 -48.87018967],[-44.6206665  -48.87024307],[-72.31388855 -48.87005234],10.998112680845058,13.887843133533718,15.101110459994178,15.442523002634559
108,26.653033261073556,27.543727874807633,27.653099060716382,[ 11.07773495 -48.87068176],[-15.57529831 -48.87018967],[-43.11902618 -48.87024307],[-70.77212524 -48.87005234],10.427585604218606,13.472962380910333,14.941225053579787,15.395000457781263
109,26.342796330792243,27.383072853140458,27.600326538744984,[ 12.09015751 -48.87070847],[-14.25263882 -48.87018967],[-41.63571167 -48.87024307],[-69.23603821 -48.87005234],9.880516053963474,13.020322801050105,14.738969804636184,15.32988357546589
110,26.0272321755062,27.197901725821477,27.532688141529807,[ 13.05017281 -48.87071991],[-12.97705936 -48.87018967],[-40.17496109 -48.87024307],[-67.70764923 -48.87005234],9.378600121581101,12.536902428937742,14.494138719504825,15.242957115209444
111,25.712286954391637,26.990250587516215,27.448280335135355,[ 13.96150208 -48.87070847],[-11.75078487 -48.87018967],[-38.74103546 -48.87024307],[-66.1893158  -48.87005234],8.896412849439502,12.038671494685346,14.206617357255428,15.130643844649784
112,25.399661069524495,26.763461113029358,27.345634461114404,[ 14.82498741 -48.87071228],[-10.57467365 -48.87018967],[-37.33813477 -48.87024307],[-64.68376923 -48.87005234],8.422155381127721,11.534639359567986,13.87840080455101,14.989720344596561
113,25.090648656645556,26.521164894157774,27.223915100765815,[ 15.64169788 -48.87071609],[ -9.44895077 -48.87018967],[-35.97011566 -48.87024307],[-63.19403076 -48.87005234],7.960198402814183,11.029001236926012,13.513386728324697,14.81739234930166
114,24.784889227027758,26.268524169976164,27.082893372253668,[ 16.41296768 -48.87072754],[ -8.37192154 -48.87018967],[-34.64044571 -48.87024307],[-61.72333908 -48.87005234],7.512094974552242,10.546849251687133,13.115081789040376,14.611852645934452
115,24.48380995395975,26.008589267785545,26.922901154240083,[ 17.14021873 -48.87073135],[ -7.34359121 -48.87018967],[-33.35218048 -48.87024307],[-60.27508163 -48.87005234],7.0783720020385,10.051240921808924,12.689381601323138,14.372067451535775
116,24.19341183323726,25.743069648798073,26.744350434029748,[ 17.82866669 -48.87073517],[ -6.36474514 -48.87018967],[-32.10781479 -48.87024307],[-58.85216522 -48.87005234],6.7583322559618475,9.558029175508583,12.23918533509942,14.110966682487156
117,23.929623132858318,25.474963665064525,26.54732513496253,[ 18.49481201 -48.87071991],[ -5.43481112 -48.87018967],[-30.90977478 -48.87024307],[-57.45709991 -48.87005234],6.597615248510352,9.070934296437489,11.767659189106253,13.810317993209686
118,23.702795510953607,25.206742763575864,26.335651398395772,[ 19.15013885 -48.87069702],[ -4.55265665 -48.87018967],[-29.75939941 -48.87024307],[-56.09505081 -48.87005234],6.525519853101325,8.600323677881772,11.28769970112521,13.460004806553876
119,23.51789355817078,24.940129518566092,26.11302185128252,[ 19.80139923 -48.87069321],[ -3.71649432 -48.87018967],[-28.65662384 -48.87024307],[-54.76964569 -48.87005234],6.506746296063798,8.148027420898126,10.81426143815321,13.083604812645907
120,23.376973395599286,24.675583601055717,25.88311195443812,[ 20.45262909 -48.87067413],[ -2.9243443  -48.87018967],[-27.5999279  -48.87024307],[-53.48303986 -48.87005234],6.519332891825871,7.717063904701321,10.349842073147572,12.684207916272939
121,23.280172114104438,24.416101694165462,25.647733689063713,[ 21.10616875 -48.87064743],[ -2.17400336 -48.87018967],[-26.59010506 -48.87024307],[-52.23783875 -48.87005234],6.5496630718887,7.308663369158967,9.877219201671036,12.258584022526948
122,23.22646606412085,24.164158940374264,25.40907669138971,[ 21.76330185 -48.87064362],[ -1.46316421 -48.87018967],[-25.62732315 -48.87024307],[-51.03639984 -48.87005234],6.589641098016653,6.9238591203932165,9.40812587914026,11.812317848206144
123,23.21417218846947,23.921854198038588,25.169212342031297,[ 22.4247303  -48.87062073],[ -0.78944188 -48.87018967],[-24.71129608 -48.87024307],[-49.88050842 -48.87005234],6.634623057113202,6.563195706436054,8.940314294810202,11.350612640381526
124,23.241208720744556,23.691330269039266,24.92906570507537,[ 23.09079933 -48.87059402],[ -0.15040939 -48.87018967],[-23.84173965 -48.87024307],[-48.77080536 -48.87005234],6.681994442994321,6.227003098606872,8.476894380695995,10.88883495336329
125,23.30527964578555,23.474547475637152,24.687698364994613,[ 23.76166153 -48.87059021],[  0.45638189 -48.87018967],[-23.01816559 -48.87024307],[-47.70586395 -48.87005234],6.730303768073909,5.915402890373494,8.018441202416144,10.439506530808105
126,23.40398419201925,23.273387789796598,24.446424485027062,[ 24.43736076 -48.87056351],[  1.03337657 -48.87018967],[-22.24001122 -48.87024689],[-46.6864357  -48.87005234],6.778753286808032,5.628345013839247,7.566567900068836,9.978156089801887
127,23.534998658109334,23.089429140161844,24.206542969531803,[ 25.1178894  -48.87055206],[  1.58289075 -48.87018967],[-21.50653839 -48.87024689],[-45.71308136 -48.87005234],6.826909545985193,5.365117551131265,7.122648718731396,9.518222808846176
128,23.695283415420565,22.924778461527712,23.968870163753422,[ 25.8032074  -48.87053299],[  2.10792398 -48.87018967],[-20.81685448 -48.87024689],[-44.78572464 -48.87005234],6.874540810742129,5.136694909441601,6.688323023640014,9.056221008308379
129,23.880092623155786,22.783044815135334,23.73460578998192,[ 26.4932518  -48.87052155],[  2.61315918 -48.87018967],[-20.16988564 -48.87024689],[-43.90449142 -48.87005234],6.921521667766614,5.010766030774596,6.265982153788535,8.594737052926238
130,24.06878757680072,22.678788185182512,23.505119324535602,[ 27.18342018 -48.87050629],[  3.11463261 -48.87019348],[-19.56415558 -48.87024689],[-43.0692749  -48.87005234],6.84509993557056,4.995197297730235,5.861138823457353,8.133742332469184
131,24.244310142389093,22.60859131819357,23.282333374836277,[ 27.85525131 -48.87048721],[  3.61094117 -48.87019348],[-18.99765015 -48.87024689],[-42.27998352 -48.87005234],6.601866256432941,4.915836813229213,5.479104998575586,7.674592494977445
132,24.403047086311364,22.69385004049863,22.938026429047696,[ 28.49856567 -48.87046432],[  4.09551859 -48.87019348],[-18.59833145 -48.87024689],[-41.53635788 -48.87005234],6.2896361452714675,4.793736936759721,2.788691760714957,7.218695640579299
133,24.539152146600223,22.97452545172223,22.434305191883603,[ 29.10873413 -48.87043762],[  4.56958199 -48.87019348],[-18.40494347 -48.87024689],[-40.83924866 -48.87005234],5.946312913076643,4.700538637521641,1.8844250457812162,6.729552269000086
134,24.650075913468537,23.234230041565286,22.000104905035016,[ 29.68393326 -48.87041473],[  5.03385735 -48.87019348],[-18.2003727  -48.87024689],[-40.2004776  -48.87005234],5.593214041725767,4.5884590173390025,2.1484210504559837,5.767454147357211
135,24.738498211733152,23.46561098104832,21.79190254298269,[ 30.22380257 -48.87039566],[  5.48530436 -48.87019348],[-17.98030663 -48.87024689],[-39.77220917 -48.87005234],5.240571027267792,4.453135493027432,2.172012568936868,3.0799386501359702
136,24.690125465394246,23.689274787963033,21.74303436366335,[ 30.61308861 -48.87018585],[  5.92296314 -48.87019348],[-17.76631165 -48.87024689],[-39.50934601 -48.87005234],2.687886043897092,4.3138856915436525,2.1434717193230566,2.7073717117526654
137,24.393604755573417,23.88956022268543,21.683124543109116,[ 30.73562241 -48.87010193],[  6.34201765 -48.87019348],[-17.54754257 -48.87024689],[-39.23066711 -48.87005234],0.13014499925401682,4.060820105719645,2.2210171239071617,2.7850115299418343
138,24.010898590248193,24.04730033880442,21.643262864033574,[ 30.7359314  -48.87010574],[  6.72503281 -48.87019348],[-17.32226753 -48.87024689],[-38.9655304  -48.87005234],0.0005181484326786694,3.6283068684101463,2.2544095533797655,2.508569002165215
139,23.6707353593545,24.164340019285092,21.63199615566001,[ 30.73638535 -48.87010574],[  7.06564999 -48.87019348],[-17.09869003 -48.87024689],[-38.73068619 -48.87005234],0.00039714681879660346,3.2391567255700613,2.209616901326895,2.2457904815796548
140,23.369959354579965,24.247548580228493,21.639873505513204,[ 30.73667908 -48.87010193],[  7.36671972 -48.87019348],[-16.88082886 -48.87024689],[-38.52070236 -48.87005234],0.00023485017314579917,2.828197243169003,2.1491105575419747,1.979713201532451
141,23.10927200337061,24.297483444281244,21.75313377474326,[ 30.73683548 -48.87010193],[  7.62756348 -48.8701973 ],[-16.66991997 -48.87025452],[-38.42305374 -48.87005234],0.00013136540473356439,2.4387023470062283,2.066782714852383,0.00511517515406335
142,22.888009548385938,24.318127155371275,21.949508667923332,[ 30.73689842 -48.87010193],[  7.84888887 -48.8701973 ],[-16.46923828 -48.87025452],[-38.41874695 -48.87005234],7.33300520946094e-05,1.9740476628301726,1.9512941861580853,0.14954911181919467
143,22.811300754746473,24.2070441246709,22.135562897651834,[ 30.73696136 -48.87010193],[  7.92566061 -48.8701973 ],[-16.28138351 -48.87025452],[-38.41694641 -48.87005234],5.133335661194093e-05,0.0004681089516614572,1.8137176056480135,0.00020614166143401782
144,22.811985492905645,24.106244564124307,22.23566818329221,[ 30.73884392 -48.87010193],[  7.92685843 -48.8701973 ],[-16.17938614 -48.87025452],[-38.41505432 -48.87005234],0.07809051199824511,0.012136315147050717,0.006130389893693843,0.0906314030295591
145,22.81497764607334,24.105443954535687,22.237939835513792,[ 30.74326134 -48.87010193],[  7.92828369 -48.8701973 ],[-16.17716026 -48.87025452],[-38.4151001  -48.87005234],0.07053840685194737,0.00021951509334938106,0.12600630523753814,7.160839806853768e-05
146,22.83598899897513,24.104278564521042,22.239208222354563,[ 30.76443291 -48.87003708],[  7.92844391 -48.8701973 ],[-16.17583466 -48.87025452],[-38.41504288 -48.87005234],0.33114036634790117,0.00013252456252926863,0.00017675026288164973,4.17952348492357e-05
147,22.87956333230649,24.10248851782915,22.241060257876946,[ 30.80809975 -48.87001801],[  7.92853642 -48.8701973 ],[-16.1739521  -48.87025452],[-38.41501236 -48.87005234],0.5550040295917088,7.427910887189622e-05,0.09079235059614942,2.3206903010201764e-05
148,22.94930124522808,24.10260534293291,22.240974427188473,[ 30.87788773 -48.86986542],[  7.92858648 -48.8701973 ],[-16.17401886 -48.87025452],[-38.41499329 -48.87005234],0.795680356437793,4.088125457813515e-05,6.054291957116192e-05,1.2745763600538638e-05
149,23.040062427844127,24.10257673270342,22.24101448150976,[ 30.96866798 -48.87007523],[  7.92860556 -48.8701973 ],[-16.17397118 -48.87025452],[-38.41498566 -48.87005234],0.994077387437777,2.1471224301486274e-05,3.570337976813999e-05,6.676730859024805e-06
150,23.154357910159078,24.102569580146046,22.241033554996086,[ 31.08298302 -48.87018585],[  7.92862511 -48.8701973 ],[-16.17394447 -48.87025452],[-38.41497803 -48.87005234],1.2328634801208485,1.5696435978310772e-05,1.9861397503879552e-05,4.8927504703650476e-06
151,23.29248523727277,24.102566719123097,22.24104881378515,[ 31.22112274 -48.87028122],[  7.9286375 -48.8701973],[-16.17392921 -48.87025452],[-38.41497803 -48.87005234],1.465559550444489,9.122951652306244e-06,1.0894313752727906e-05,2.8367847668507282e-06
152,23.455493451817865,24.10256814963457,22.24105072113378,[ 31.38413811 -48.87047577],[  7.92864466 -48.8701973 ],[-16.17392349 -48.87025452],[-38.41497421 -48.87005234],1.711006633121636,5.053603354806478e-06,5.725864366108375e-06,1.5690425303939195e-06
153,23.642387871859725,24.102565288611622,22.24105644317968,[ 31.57103539 -48.87067795],[  7.92864752 -48.8701973 ],[-16.17391777 -48.87025452],[-38.41497421 -48.87005234],1.94830496198037,2.2720524974887733e-06,4.193610344618698e-06,7.195866821275952e-07
154,23.85242653859557,24.102563858100147,22.24105644317968,[ 31.78107643 -48.87087631],[  7.9286499 -48.8701973],[-16.17391396 -48.87025452],[-38.4149704  -48.87005234],2.1788560044317005,1.8776697462320563e-06,2.399757178588194e-06,5.93266115907905e-07
155,24.08494092803129,24.102564811774464,22.24105644317968,[ 32.01359177 -48.87112045],[  7.92865086 -48.8701973 ],[-16.17391396 -48.87025452],[-38.4149704  -48.87005234],2.403211497206842,1.1173675816225134e-06,1.3714341592816912e-06,3.381942237987473e-07
156,24.339307336925017,24.102564334937306,22.241058350528313,[ 32.26795959 -48.87137985],[  7.92865229 -48.8701973 ],[-16.17391205 -48.87025452],[-38.4149704  -48.87005234],2.6227803875904443,6.110520805893993e-07,6.422969580398701e-07,2.06818657998839e-07
157,24.613332315165458,24.102564334937306,22.241058350528313,[ 32.54198456 -48.87166214],[  7.92865229 -48.8701973 ],[-16.17391205 -48.87025452],[-38.4149704  -48.87005234],2.8058474450106257,2.291261147602029e-07,5.189486068704305e-07,5.3208406321150735e-08
158,24.905309260768153,24.102562427588673,22.241060257876946,[ 32.83396149 -48.87193298],[  7.92865229 -48.8701973 ],[-16.17391014 -48.87025452],[-38.4149704  -48.87005234],2.9945545410933985,2.3816866534699533e-07,2.9122265434780324e-07,6.18005153831359e-08
159,25.210470750024516,24.100974559851863,22.241060257876946,[ 33.1375351  -48.87212372],[  7.92706442 -48.8701973 ],[-16.17391014 -48.87025452],[-38.4149704  -48.87005234],2.9955857421685774,0.03483400871819837,1.7527642292408683e-07,5.810112928289266e-08
160,25.50276764823075,24.099727630683166,22.241060257876946,[ 33.42858505 -48.87228394],[  7.92581749 -48.8701973 ],[-16.17391014 -48.87025452],[-38.4149704  -48.87005234],2.8074560201697567,0.03813185549159829,7.277762651364297e-08,3.169208672969077e-08
161,25.773022743073025,24.09882450110553,22.241060257876946,[ 33.69793701 -48.87236786],[  7.92491436 -48.8701973 ],[-16.17391014 -48.87025452],[-38.4149704  -48.87005234],2.5723180382197786,0.04192356398562693,6.339697725425263e-08,3.016876508043017e-09
162,26.018719288455298,24.09838247305988,22.241060257876946,[ 33.94319153 -48.87238693],[  7.92447233 -48.8701973 ],[-16.17391014 -48.87025452],[-38.4149704  -48.87005234],2.325681369435326,0.0470342115203101,5.2487183351403875e-08,2.809490896068885e-09
163,26.23936662020412,24.09850692755817,22.241060257876946,[ 34.16396332 -48.87235641],[  7.92459679 -48.8701973 ],[-16.17391014 -48.87025452],[-38.4149704  -48.87005234],2.0794966777691344,0.05302345759610115,3.3831550383846106e-08,3.639941643446841e-08
164,26.435218894901055,24.099271774359924,22.241060257876946,[ 34.36058044 -48.87230301],[  7.92536163 -48.8701973 ],[-16.17391014 -48.87025452],[-38.4149704  -48.87005234],1.8386134718414695,0.059596486468873174,3.023046521885836e-09,3.168215320364906e-08
165,26.517374169330772,24.100711822577694,22.241060257876946,[ 34.44417572 -48.87282944],[  7.92680168 -48.8701973 ],[-16.17391014 -48.87025452],[-38.4149704  -48.87005234],0.0005864533625173869,0.06629545249940615,3.391184032001137e-08,3.5537503837344542e-09
166,26.51782621095452,24.100332260199764,22.241060257876946,[ 34.4442482  -48.87282944],[  7.92642212 -48.8701973 ],[-16.17391014 -48.87025452],[-38.4149704  -48.87005234],0.00024075814717615724,1.1817582192090981e-06,7.55549645126625e-09,4.538787369100581e-09
167,26.518039834000344,24.100332260199764,22.241060257876946,[ 34.44446182 -48.87282944],[  7.92642212 -48.8701973 ],[-16.17391014 -48.87025452],[-38.4149704  -48.87005234],0.00019482673240299217,6.832192756411375e-07,2.8381309942531413e-08,2.846911304256156e-08
168,26.518177163101228,24.100332260199764,22.241060257876946,[ 34.44459915 -48.87282944],[  7.92642212 -48.8701973 ],[-16.17391014 -48.87025452],[-38.4149704  -48.87005234],0.00011552495064360306,6.06683198936393e-07,5.981405591990611e-09,3.3550146248735396e-09
169,26.51817620942692,24.10033321387408,22.241060257876946,[ 34.44459915 -48.87282944],[  7.92642307 -48.8701973 ],[-16.17391014 -48.87025452],[-38.4149704  -48.87005234],0.0,3.1092656940744634e-07,2.4563069306262824e-09,1.5428306035667452e-09
170,26.51829446504157,24.10033321387408,22.241060257876946,[ 34.44471741 -48.87282944],[  7.92642307 -48.8701973 ],[-16.17391014 -48.87025452],[-38.4149704  -48.87005234],3.9101989452039945e-05,2.796185803647326e-07,1.747089043724173e-09,9.20108526856021e-10
171,26.51832879731679,24.10033321387408,22.241060257876946,[ 34.44475174 -48.87282944],[  7.92642307 -48.8701973 ],[-16.17391014 -48.87025452],[-38.4149704  -48.87005234],2.5499875785541135e-05,1.328220438221941e-07,2.0080795690232042e-09,2.3861995838030788e-09
172,26.518347870803026,24.10033321387408,22.241060257876946,[ 34.44477081 -48.87282944],[  7.92642307 -48.8701973 ],[-16.17391014 -48.87025452],[-38.4149704  -48.87005234],1.4491465365094713e-05,9.700797531987011e-08,4.6343841499453515e-10,2.3146832939077845e-09
173,26.51990045144911,24.10033321387408,22.241060257876946,[ 34.44632339 -48.87281799],[  7.92642307 -48.8701973 ],[-16.17391014 -48.87025452],[-38.4149704  -48.87005234],0.07353385115106305,3.147609048168916e-07,2.001067832257749e-09,7.115969701018582e-10
174,26.523825772664676,24.10033321387408,22.241060257876946,[ 34.45024872 -48.8727951 ],[  7.92642307 -48.8701973 ],[-16.17391014 -48.87025452],[-38.4149704  -48.87005234],0.062376111097822685,5.04001502694519e-07,1.499397217005598e-09,1.1540360523876912e-09
175,26.54405891987015,24.10033321387408,22.241060257876946,[ 34.47048187 -48.87272263],[  7.92642307 -48.8701973 ],[-16.17391014 -48.87025452],[-38.4149704  -48.87005234],0.2891767500439534,2.5598574131749406e-07,1.455648681068096e-09,1.983956858418987e-09
176,26.584590068202576,24.10033321387408,22.241060257876946,[ 34.51101303 -48.87261581],[  7.92642307 -48.8701973 ],[-16.17391014 -48.87025452],[-38.4149704  -48.87005234],0.4680476741098157,9.69468186641817e-09,5.674526934720069e-10,1.400205657264974e-09
177,26.65257558983025,24.10033321387408,22.241060257876946,[ 34.57899857 -48.87247086],[  7.92642307 -48.8701973 ],[-16.17391014 -48.87025452],[-38.4149704  -48.87005234],0.7957380947534659,9.446834082228237e-09,1.2507875139309904e-09,7.026786022089995e-10
178,26.742941923588067,24.10033321387408,22.241060257876946,[ 34.66936493 -48.8720932 ],[  7.92642307 -48.8701973 ],[-16.17391014 -48.87025452],[-38.4149704  -48.87005234],1.0113337421101614,2.043456582376005e-09,8.300302138867692e-10,4.17364836253824e-10
179,26.85679153498654,24.10033321387408,22.241060257876946,[ 34.78321457 -48.87163925],[  7.92642307 -48.8701973 ],[-16.17391014 -48.87025452],[-38.4149704  -48.87005234],1.2566325339649576,6.377525504516002e-09,2.4895124922699273e-09,5.990603624628768e-10
180,26.994109172249775,24.10033321387408,22.241060257876946,[ 34.92053223 -48.87119675],[  7.92642307 -48.8701973 ],[-16.17391014 -48.87025452],[-38.4149704  -48.87005234],1.5149150102950644,3.7058741942073206e-09,1.086809097083888e-09,1.1418421753052625e-09
181,27.15602064349715,24.100546360083797,22.241060257876946,[ 35.08265686 -48.87054062],[  7.92663622 -48.8701973 ],[-16.17391014 -48.87025452],[-38.4149704  -48.87005234],1.7583939003002826,0.05051405361061158,4.929369698979201e-10,1.3763639144262464e-09
182,27.34200573238987,24.100642204352596,22.241060257876946,[ 35.26873779 -48.86981201],[  7.92673206 -48.8701973 ],[-16.17391014 -48.87025452],[-38.4149704  -48.87005234],1.992414908880195,0.05021305389072235,2.639722878285448e-09,6.762774870381821e-10
183,27.55099918963398,24.100923061438777,22.241060257876946,[ 35.47801208 -48.86902237],[  7.92701292 -48.8701973 ],[-16.17391014 -48.87025452],[-38.4149704  -48.87005234],2.2189634694919476,0.05474321551021373,1.3851061067434013e-09,3.0172731454613803e-10
184,27.77635629550194,24.10733175279189,22.241060257876946,[ 35.70977783 -48.86818314],[  7.93342161 -48.87022781],[-16.17391014 -48.87025452],[-38.4149704  -48.87005234],2.4384845348087736,0.14228462565714103,1.427020272778318e-09,3.7273692375508e-10
185,28.002932224141677,24.134379863763435,22.241060257876946,[ 35.96340179 -48.86729813],[  7.96046972 -48.87022018],[-16.17391014 -48.87025452],[-38.4149704  -48.87005234],2.6508595929470316,0.3276297086923382,5.207501580613506e-10,7.645203762373126e-10
186,28.228267919249888,24.182336807598794,22.241060257876946,[ 36.23669434 -48.86637115],[  8.00842667 -48.87012482],[-16.17391014 -48.87025452],[-38.4149704  -48.87005234],2.8224794048798985,0.5818268129423704,1.3511647243816421e-09,4.0096371218431833e-10
187,28.44726030644059,24.2472152710204,22.241060257876946,[ 36.52056503 -48.86542892],[  8.07330513 -48.87022018],[-16.17391014 -48.87025452],[-38.4149704  -48.87005234],2.8241580979857277,0.7555703954922472,2.2263445777883462e-09,6.39769122595449e-10
188,28.637050204035145,24.328948021301414,22.241060257876946,[ 36.79208755 -48.86461639],[  8.15503788 -48.870121  ],[-16.17391014 -48.87025452],[-38.4149704  -48.87005234],2.642827181075143,0.9042757318788356,2.168214338383271e-09,5.252343394903169e-10
189,28.787335090793604,24.42897605961789,22.241060257876946,[ 37.04240036 -48.86396408],[  8.25506592 -48.87007523],[-16.17391014 -48.87025452],[-38.4149704  -48.87005234],2.416252800024266,1.098079307677911,1.993081876791382e-10,3.430329585072441e-10
190,28.89169956081017,24.551357271478963,22.241060257876946,[ 37.26914597 -48.86346054],[  8.37744713 -48.86992645],[-16.17391014 -48.87025452],[-38.4149704  -48.87005234],2.1785300068409588,1.3263694077321213,1.4904403130276064e-09,6.508728290478112e-10
191,28.95777688734868,24.688084604103324,22.241060257876946,[ 37.47195053 -48.86307907],[  8.51417446 -48.86996078],[-16.17391014 -48.87025452],[-38.4149704  -48.87005234],1.94178656464773,1.4403550845251962,2.5788436266980852e-09,4.542019147662534e-10
192,28.938140829834115,24.83319759542612,22.241060257876946,[ 37.59742737 -48.86268616],[  8.65928745 -48.86996078],[-16.17391014 -48.87025452],[-38.4149704  -48.87005234],0.21678143908568615,1.5263943693083182,6.531413743375663e-10,5.634094275889483e-10
193,28.79056259700894,24.98200035267896,22.241060257876946,[ 37.59865189 -48.86267853],[  8.80809021 -48.86996078],[-16.17391014 -48.87025452],[-38.4149704  -48.87005234],0.0002064452952775702,1.4167274272065242,1.2794591049012116e-09,4.2664767714777834e-10
194,28.699192017360538,25.073588372997357,22.241060257876946,[ 37.59886932 -48.86267853],[  8.89967823 -48.86996078],[-16.17391014 -48.87025452],[-38.4149704  -48.87005234],0.00021281633438247226,0.9553212548249954,7.097281302992863e-10,2.6651847054880697e-10
195,28.602711650909146,25.170221330449248,22.241060257876946,[ 37.59902191 -48.86267853],[  8.99631119 -48.86996078],[-16.17391014 -48.87025452],[-38.4149704  -48.87005234],0.00013054479881937075,1.0656462933151536,1.2112700834518504e-09,2.53543082188306e-10
196,28.573915455859503,25.19911289386281,22.241060257876946,[ 37.59911728 -48.86267853],[  9.02520275 -48.86996078],[-16.17391014 -48.87025452],[-38.4149704  -48.87005234],7.344358489038407e-05,7.32204486804915e-05,2.032236552926142e-09,7.255177762138624e-10
197,28.568673123935778,25.20439338791499,22.241060257876946,[ 37.59915543 -48.86267853],[  9.03048325 -48.87002182],[-16.17391014 -48.87025452],[-38.4149704  -48.87005234],3.871993610748267e-05,0.1249108312804596,9.647317730347185e-10,5.128586201176368e-10
198,28.5668029657236,25.20629787563302,22.241060257876946,[ 37.59918976 -48.86267853],[  9.03238773 -48.87001038],[-16.17391014 -48.87025452],[-38.4149704  -48.87005234],2.836502179755525e-05,7.725456946884135e-05,1.1240610419149808e-09,3.7599343704254593e-10
199,28.56404112499426,25.209082604636794,22.241060257876946,[ 37.59921265 -48.86267853],[  9.03517246 -48.87001038],[-16.17391014 -48.87025452],[-38.4149704  -48.87005234],1.645502543284589e-05,0.09296466496090323,1.425008456904476e-09,4.173648529159213e-10
200,28.5480213043553,25.225113869894834,22.241060257876946,[ 37.59922409 -48.86267853],[  9.05120373 -48.87001038],[-16.17391014 -48.87025452],[-38.4149704  -48.87005234],9.137940721000425e-06,0.1510168774588949,9.435248430858576e-10,7.986180787384635e-10
201,28.525595653545178,25.25032806514512,22.241060257876946,[ 37.60201263 -48.86267853],[  9.07641792 -48.87001038],[-16.17391014 -48.87025452],[-38.4149704  -48.87005234],0.09273914402593308,0.24767258825328592,1.0918095426996489e-09,2.426055060125709e-10
202,28.49560069386752,25.287002564729935,22.241060257876946,[ 37.60869217 -48.86265564],[  9.11309242 -48.87000275],[-16.17391014 -48.87025452],[-38.4149704  -48.87005234],0.14047396291635883,0.4141159863366693,4.447251344581507e-10,6.609099174446605e-10
203,28.47646713755116,25.332991600618225,22.241060257876946,[ 37.63554764 -48.86269379],[  9.15908146 -48.87008286],[-16.17391014 -48.87025452],[-38.4149704  -48.87005234],0.377711560590287,0.5342400761669495,9.359126803741481e-10,5.139891729494561e-10
204,28.46892544114653,25.386713982208793,22.241060257876946,[ 37.68172836 -48.86285019],[  9.21280384 -48.87008286],[-16.17391014 -48.87025452],[-38.4149704  -48.87005234],0.5573049100916814,0.5743633284801981,1.762875351086843e-09,6.567082300285435e-10
205,28.47468565429232,25.451155662867098,22.241060257876946,[ 37.75193024 -48.86281204],[  9.27724552 -48.87012482],[-16.17391014 -48.87025452],[-38.4149704  -48.87005234],0.7665377784103944,0.6904144785334639,1.7395045582134666e-09,5.785441769280559e-10
206,28.492671899182398,25.52710247080953,22.241060257876946,[ 37.84586334 -48.86300278],[  9.35319233 -48.87010956],[-16.17391014 -48.87025452],[-38.4149704  -48.87005234],1.0520569399097568,0.8246659303100643,1.8074322452623728e-10,2.866137110495878e-10
207,28.52526182106954,25.610357284893922,22.241060257876946,[ 37.96170807 -48.86297226],[  9.43644714 -48.870121  ],[-16.17391014 -48.87025452],[-38.4149704  -48.87005234],1.2735134372620736,0.9085542159185561,2.015518442569144e-09,3.2264736861279447e-10
208,28.569579988553784,25.70402050033285,22.241060257876946,[ 38.09968948 -48.86314011],[  9.53011036 -48.87016678],[-16.17391014 -48.87025452],[-38.4149704  -48.87005234],1.4965450575539267,1.037261198050546,1.4479719337807558e-09,7.600292284693326e-10
209,28.62238208694074,25.813465118661885,22.241060257876946,[ 38.26193619 -48.86305618],[  9.63955498 -48.87014008],[-16.17391014 -48.87025452],[-38.4149704  -48.87005234],1.7674511635539816,1.176363213357023,5.878025565274665e-10,2.113317626211649e-10
210,28.68662644411336,25.93667507173903,22.241060257876946,[ 38.44939041 -48.862854  ],[  9.76276493 -48.87028885],[-16.17391014 -48.87025452],[-38.4149704  -48.87005234],2.0081334548654572,1.3272429679877678,2.5820126663597414e-10,4.866638491197906e-10
211,28.75713166242985,26.077145576946076,22.241060257876946,[ 38.66036606 -48.86267853],[  9.90323544 -48.87041092],[-16.17391014 -48.87025452],[-38.4149704  -48.87005234],2.236371100913728,1.5234420723064805,7.021565770936376e-10,2.810644755508141e-10
212,28.831366697186404,26.236454011254665,22.241060257876946,[ 38.89390945 -48.86250305],[ 10.06254387 -48.8705101 ],[-16.17391014 -48.87025452],[-38.4149704  -48.87005234],2.4560317691778497,1.6998190356955645,1.3556642504294643e-09,3.7749851309524975e-10
213,28.909996266344102,26.413207056520694,22.241060257876946,[ 39.14929199 -48.86232376],[ 10.23929691 -48.87060928],[-16.17391014 -48.87025452],[-38.4149704  -48.87005234],2.6678617787789416,1.8798025630105948,1.8609619243756827e-09,4.0321277650222446e-10
214,28.98838265308249,26.60947132504342,22.241060257876946,[ 39.42394257 -48.86214066],[ 10.43556118 -48.87071228],[-16.17391014 -48.87025452],[-38.4149704  -48.87005234],2.837183792122677,2.0803133175724278,1.2252132943325832e-09,5.423018094860229e-10
215,29.06468334728799,26.82597542444,22.241060257876946,[ 39.71674728 -48.86201096],[ 10.65206528 -48.87083817],[-16.17391014 -48.87025452],[-38.4149704  -48.87005234],3.024266514847944,2.2768555838867535,1.3059760705086995e-09,7.488415079989947e-10
216,29.133059946058545,27.062099466801932,22.241060257876946,[ 40.02124786 -48.86196518],[ 10.88818932 -48.87099075],[-16.17391014 -48.87025452],[-38.4149704  -48.87005234],3.029107815863103,2.472659917745685,1.4645254512722496e-09,1.2535570940887328e-10
217,29.16942358761767,27.31770898332869,22.241060257876946,[ 40.31322098 -48.86197662],[ 11.14379883 -48.87113571],[-16.17391014 -48.87025452],[-38.4149704  -48.87005234],2.8437092509877044,2.6564293409160507,9.891356135149107e-10,3.734271003683785e-10
218,29.16828301001023,27.58910562459924,22.241060257876946,[ 40.58347702 -48.86205292],[ 11.41519547 -48.87126541],[-16.17391014 -48.87025452],[-38.4149704  -48.87005234],2.6117700830229116,2.7737052272452987,2.3151346713018657e-10,1.9280952067416816e-10
219,29.133271737191556,27.87025263499293,22.241060257876946,[ 40.82961273 -48.86218643],[ 11.69634247 -48.87145233],[-16.17391014 -48.87025452],[-38.4149704  -48.87005234],2.3685058285972067,2.867154145774548,5.725680605094366e-10,3.560606397018374e-10
220,29.06497527911612,28.1610584555954,22.240188599551786,[ 41.05125046 -48.86237335],[ 11.98627663 -48.8715477 ],[-16.1747818  -48.87025452],[-38.4149704  -48.87005234],2.1258713944306296,2.9419043916954495,0.04095755895471415,7.550745786848516e-11
221,28.96698138181907,28.456802397201873,22.239452362979552,[ 41.24826431 -48.86252975],[ 12.28128433 -48.87154007],[-16.17551804 -48.87025452],[-38.4149704  -48.87005234],1.8450976203100848,2.97127378457274,0.04261346913082729,3.1738436628975045e-10
222,28.73894843807441,28.75293734280695,22.238924027408284,[ 41.31583786 -48.86211777],[ 12.57689095 -48.87147522],[-16.17604637 -48.87025452],[-38.4149704  -48.87005234],0.0002732473509645476,2.960918709631358,0.044987116070916204,3.439314700114212e-10
223,28.450943535950167,29.041247388351955,22.23875236603134,[ 41.31597137 -48.86211777],[ 12.86502934 -48.87134552],[-16.17621803 -48.87025452],[-38.4149704  -48.87005234],0.00024798841544440873,2.806966448477142,0.05058101574206177,2.2332856542871144e-10
224,28.185521640507258,29.301528947450038,22.244117737478774,[ 41.31619644 -48.86211777],[ 13.13067627 -48.87121582],[-16.17085266 -48.870224  ],[-38.4149704  -48.87005234],0.00018903214582472182,2.558778664339424,0.08450313267846266,5.139891729494561e-10
225,27.94082402111038,29.521657953193657,22.268831254189116,[ 41.3163414  -48.86211777],[ 13.3755188  -48.87102509],[-16.14613914 -48.8702774 ],[-38.4149704  -48.87005234],0.00011100829724147837,2.406066857001323,0.3497300544522091,6.192271458124957e-10
226,27.711310782369218,29.749691013591416,22.27038383593792,[ 41.31641388 -48.86211777],[ 13.60510445 -48.87076569],[-16.14458656 -48.87027359],[-38.4149704  -48.87005234],2.5148664967878145e-05,2.2298108798192624,2.5948261926225534e-05,1.640025584517844e-10
227,27.49938996374483,29.95647335118166,22.275564194824383,[ 41.31645584 -48.86211777],[ 13.81706715 -48.87047195],[-16.1394062  -48.87027359],[-38.4149704  -48.87005234],3.872814640481877e-05,2.0649095038607697,0.11785655594436167,3.210416223650042e-10
228,27.304380642835312,30.13453388229202,22.2925472267358,[ 41.31649017 -48.86211777],[ 14.01211071 -48.87014389],[-16.12242317 -48.87023926],[-38.4149704  -48.87005234],2.459381290659925e-05,1.8935315726924002,0.19179049284650082,1.293325852239568e-10
229,27.14540319019416,30.26236629496687,22.32371139595334,[ 41.31650925 -48.86211777],[ 14.17110729 -48.87030792],[-16.091259   -48.87022781],[-38.4149704  -48.87005234],1.3904446488421045e-05,0.8906648015401648,0.41973033437145035,6.338098140544071e-10
230,27.077058987624408,30.328160287850014,22.32780266021909,[ 41.31805038 -48.86213303],[ 14.24099255 -48.87002182],[-16.08716774 -48.87036133],[-38.4149704  -48.87005234],0.07343468939310703,0.7744851455861727,3.251925638435689e-05,3.278849690840143e-10
231,27.06883836253299,30.34029293096778,22.32781219696225,[ 41.32197189 -48.86216354],[ 14.25313473 -48.87021255],[-16.0871582  -48.87036133],[-38.4149704  -48.87005234],0.06230215998205777,0.00011566747091024529,2.118483966268367e-05,3.1601030856929767e-10
232,27.08424493108451,30.341657639057225,22.331655504457,[ 41.34258652 -48.86227036],[ 14.25834274 -48.87018585],[-16.0833149  -48.87036133],[-38.4149704  -48.87005234],0.29214011059229505,0.15946221162190358,0.08376185860202315,6.041433841082147e-10
233,27.125916603480952,30.339921951846478,22.334836961976226,[ 41.38570404 -48.86253738],[ 14.25978851 -48.87017822],[-16.08013344 -48.87036133],[-38.4149704  -48.87005234],0.5377784080448537,9.339967898977642e-05,0.07966305551839176,7.091107181632023e-10
234,27.18974212317809,30.33325195401755,22.344270708873296,[ 41.4522934  -48.86283493],[ 14.26255226 -48.87016678],[-16.07069969 -48.87039948],[-38.4149704  -48.87005234],0.7964824115631044,0.0922906821271051,0.2131592756990996,3.6768275448528835e-10
235,27.26434418100562,30.319540024667624,22.372087481572848,[ 41.54100037 -48.86310577],[ 14.2766571  -48.87018585],[-16.04288292 -48.87041473],[-38.4149704  -48.87005234],0.9950312076398113,0.16339645686379703,0.3463283715161456,2.309706607545695e-10
236,27.35012606991869,30.306416512088788,22.412454605500223,[ 41.65402603 -48.86356735],[ 14.30390072 -48.87000275],[-16.00251579 -48.87018585],[-38.4149704  -48.87005234],1.235161744686144,0.3314032543491797,0.4641821045115051,3.6604983636639156e-10
237,27.44719089558073,30.29331779687715,22.46367359164616,[ 41.78921127 -48.86394501],[ 14.34202099 -48.86973572],[-15.95129681 -48.87009048],[-38.4149704  -48.87005234],1.4942589788021305,0.40931509207671224,0.5965259693991993,3.934877164152722e-10
238,27.560418530975266,30.27569199027138,22.528933525256296,[ 41.95007324 -48.86475372],[ 14.38965511 -48.86946106],[-15.88603687 -48.8699646 ],[-38.4149704  -48.87005234],1.750176769116715,0.520474762729826,0.7379259612547255,9.151023973982319e-10
239,27.679676263187098,30.26439668461928,22.606487274181507,[ 42.1355896  -48.86566925],[ 14.45591354 -48.8690567 ],[-15.80848312 -48.87007523],[-38.4149704  -48.87005234],1.988164971025913,0.764287346748993,0.85263545699423,2.8632597589912955e-10
240,27.803872172320922,30.259756132923062,22.69585132642765,[ 42.34450912 -48.86666489],[ 14.54063702 -48.86854935],[-15.71911907 -48.87019348],[-38.4149704  -48.87005234],2.2160022263719736,0.9250286429141453,0.9921137186289737,5.955383563033753e-10
241,27.937858586431048,30.25325113515071,22.79986476919766,[ 42.57600403 -48.867733  ],[ 14.63814545 -48.86825562],[-15.61510563 -48.87015152],[-38.4149704  -48.87005234],2.4359758478103757,1.0478361604821405,1.0865689156106204,4.238766060261433e-10
242,28.074626947033455,30.252320375331415,22.91740703591939,[ 42.82938385 -48.86888123],[ 14.75475693 -48.86771011],[-15.49756336 -48.86998749],[-38.4149704  -48.87005234],2.648566781860056,1.2934022142255002,1.2355264078580324,1.8164358613483028e-10
243,28.210440803233443,30.255168085788775,23.051916124164933,[ 43.10255432 -48.87009811],[ 14.89211369 -48.86702347],[-15.36305428 -48.86977005],[-38.4149704  -48.87005234],2.821110177505102,1.446505659971049,1.3989263964091294,7.929032596488363e-10
244,28.33963153341253,30.258080670394392,23.203508380800738,[ 43.38624954 -48.87133026],[ 15.04661846 -48.86626434],[-15.21146202 -48.86963654],[-38.4149704  -48.87005234],2.8223985659195536,1.6441078140176617,1.5795939991579584,6.902235369892389e-10
245,28.433144483029658,30.268133449575974,23.371286396998777,[ 43.65759277 -48.87244034],[ 15.22444916 -48.86541748],[-15.04368401 -48.86957932],[-38.4149704  -48.87005234],2.6409811438969224,1.8818616836415132,1.7341012828972235,2.892579322509511e-10
246,28.484857983927462,30.28261514259845,23.555217746589836,[ 43.90771866 -48.87336731],[ 15.42286205 -48.86450577],[-14.85975266 -48.86963654],[-38.4149704  -48.87005234],2.414411662193188,2.054131137432368,1.9068202020707248,5.860347333157038e-10
247,28.499156996414627,30.29203289574884,23.758068085364826,[ 44.13428497 -48.87413025],[ 15.63512993 -48.86358261],[-14.65690231 -48.86987686],[-38.4149704  -48.87005234],2.176725608686485,2.1768114067158604,2.102127092278873,3.214528692951511e-10
248,28.478335083696027,30.294319159860308,23.979222298834834,[ 44.33690262 -48.87474442],[ 15.8585701  -48.86265945],[-14.4357481  -48.87028885],[-38.4149704  -48.87005234],1.9400319396348322,2.2781213625730357,2.2755614494546275,6.824187531036127e-10
249,28.37198199530302,30.288081593391347,24.217111601283683,[ 44.46220016 -48.87528229],[ 16.09022141 -48.86173248],[-14.19785881 -48.87086868],[-38.4149704  -48.87005234],0.21521214960296453,2.3412276814418624,2.443824511927575,9.764601375071495e-10
250,28.142358671086225,30.264369014083965,24.471661616456192,[ 44.46341324 -48.8752861 ],[ 16.32105827 -48.86084366],[-13.94330883 -48.87159729],[-38.4149704  -48.87005234],0.0002064415316373321,2.250085356863551,2.6073981513405022,1.987443991114926e-10
251,27.92399059769301,30.21363322303117,24.7410107822456,[ 44.46365738 -48.87529373],[ 16.53967094 -48.86004639],[-13.67395973 -48.87245178],[-38.4149704  -48.87005234],0.00021262321830709321,2.1387173994245914,2.7393522166428816,7.764276322840582e-10
