,c0_c1,c1_c2,c2_c3,p1,p2,p3,p4,v1,v2,v3,v4
0,7.665367126464844,7.6653594970703125,7.665374755859375,[-100.          -48.86999893],[-107.66536713  -48.86999893],[-115.33072662  -48.86999893],[-122.99610138  -48.86999893],0.0,0.0,0.0,0.0
1,7.665367126464844,7.6653594970703125,7.665374755859375,[-100.          -48.86999893],[-107.66536713  -48.86999893],[-115.33072662  -48.86999893],[-122.99610138  -48.86999893],0.0,0.0,0.0,0.0
2,7.665367126464844,7.6653594970703125,7.665374755859375,[-100.          -48.86999893],[-107.66536713  -48.86999893],[-115.33072662  -48.86999893],[-122.99610138  -48.86999893],0.0,0.0,0.0,0.0
3,7.6673126220703125,7.665367126464844,7.665367126464844,[-99.99635315 -48.86999893],[-107.66366577  -48.86999893],[-115.3290329   -48.86999893],[-122.99440002  -48.86999893],0.09550646767510092,0.047723971178695014,0.047724392093146675,0.04772420961746055
4,7.687416076720731,7.6640930180376134,7.66699981689548,[-99.95761871 -48.86987686],[-107.64503479  -48.86984634],[-115.30912781  -48.86993027],[-122.97612762  -48.86993408],0.6344096147787697,0.3585720613511614,0.34786731450674385,0.2835903713214054
5,7.76796722412484,7.664817810073782,7.664581299626483,[-99.87469482 -48.87005615],[-107.64266205  -48.87004852],[-115.30747986  -48.87003326],[-122.97206116  -48.86992264],0.9771261277643981,2.920293115430755e-05,2.7532621516746912e-05,3.5227959349870195e-05
6,7.86353302102716,7.668571472168917,7.663726807332739,[-99.76821899 -48.86988831],[-107.63175201  -48.87001419],[-115.30032349  -48.87001801],[-122.96405029  -48.86991501],1.1549958715889934,0.22876938386707105,0.1357786647842895,0.12818597893788733
7,7.967117311763022,7.672981262210825,7.663825989112261,[-99.63518524 -48.86982346],[-107.60230255  -48.87001038],[-115.27528381  -48.87001801],[-122.9391098   -48.87009048],1.4964319537163493,0.4017757319737727,0.31346925522080926,0.3194247693266097
8,8.093132019439441,7.6799316412654415,7.664688115136898,[-99.46208954 -48.86988068],[-107.55522156  -48.86980057],[-115.2351532   -48.86989975],[-122.89984131  -48.87017059],1.8566167310947361,0.5690141912029077,0.4895192500897705,0.4347326639732906
9,8.217842102604147,7.7050094611376245,7.666038519880554,[-99.25876617 -48.86988068],[-107.47660828  -48.86997604],[-115.18161774  -48.86987305],[-122.84765625  -48.87019348],2.141087684251594,0.9541202889567322,0.5917760700541466,0.5966841599551196
10,8.331962591178668,7.749046329529528,7.669219978217952,[-99.02732086 -48.86972046],[-107.35928345  -48.87002945],[-115.10832977  -48.86978531],[-122.77754974  -48.87012482],2.4428016868805393,1.296053467165918,0.8323751229218767,0.8042029387682643
11,8.446258559257123,7.804267884378525,7.676963820028571,[-98.76364136 -48.86936951],[-107.2098999  -48.8698616],[-115.01416779  -48.8697319 ],[-122.69113159  -48.87019348],2.7707990968181186,1.6090354753915994,1.0442594570321935,0.9366533168147332
12,8.558975253730436,7.876167297696771,7.690277119501637,[-98.46864319 -48.8689003 ],[-107.02761841  -48.86966324],[-114.90378571  -48.86973572],[-122.59406281  -48.87028885],3.0741923335910686,1.956608776598041,1.1913584694234534,1.0508846518296688
13,8.666877820634644,7.961853028733719,7.709846522901516,[-98.14409637 -48.86832809],[-106.81097412  -48.86946106],[-114.77282715  -48.86960983],[-122.48267365  -48.87024689],3.3736433217850994,2.2922256487856565,1.4704823789558188,1.164759168329334
14,8.77305615901883,8.051078801606632,7.742088354343506,[-97.78945923 -48.86771393],[-106.56251526  -48.86921692],[-114.61359406  -48.86950684],[-122.35568237  -48.87025833],3.6790065973712633,2.6047345151831305,1.7249436579709636,1.3358919745669746
15,8.881447028705955,8.145431530574344,7.778724713647468,[-97.4056015  -48.86712646],[-106.28704834  -48.86896515],[-114.43247986  -48.86940765],[-122.21120453  -48.87022781],3.9638094489314057,2.8790344151452305,1.9365847599608605,1.5044713282686548
16,8.987686417487131,8.246696493915474,7.822639503284461,[-96.99347687 -48.86654282],[-105.98116302  -48.86870575],[-114.2278595   -48.86930466],[-122.05049896  -48.87007523],4.250201561666419,3.2129285373893106,2.1880541525356887,1.658900113996446
17,9.087639183949603,8.356216464455988,7.877151512316529,[-96.55281067 -48.86600113],[-105.64044952  -48.86844635],[-113.99666595  -48.86919785],[-121.87381744  -48.86980057],4.532191860723149,3.5550798599527527,2.449777677602445,1.8330924782425695
18,9.18279305627403,8.472358748256502,7.939796452908605,[-96.08447266 -48.86549759],[-105.26726532  -48.86818314],[-113.73962402  -48.86905289],[-121.67942047  -48.86933899],4.806607682034843,3.8707762286644183,2.677748031544881,2.010507545931176
19,9.274078810448742,8.59616857440742,8.008171084813808,[-95.58874512 -48.86505127],[-104.86282349  -48.86791229],[-113.458992    -48.86889648],[-121.46716309  -48.8686676 ],5.08073741636747,4.186455398101766,2.9314174936856316,2.19016747527123
20,9.354553706852148,8.722427432168832,8.087410024105141,[-95.07236481 -48.86467361],[-104.42691803  -48.86768341],[-113.1493454   -48.86874008],[-121.23675537  -48.86783218],5.162348555072909,4.497575741723596,3.2383341736885716,2.3788226769960934
21,9.40489247660969,8.84771736165575,8.177421769732346,[-94.55651093 -48.86436462],[-103.96140289  -48.86745834],[-112.80912018  -48.86862183],[-120.98654175  -48.86681366],5.215997136552218,4.7780293139486085,3.5355197975796067,2.5867479447195882
22,9.448097750613373,8.969955530013399,8.27535298453638,[-94.02152252 -48.86413574],[-103.46961975  -48.86727524],[-112.4395752   -48.86851501],[-120.71492767  -48.86561966],5.508047725290404,5.030038563520949,3.832526156647342,2.8058839687901482
23,9.504654446652719,9.083198638335995,8.38128000240029,[-93.45198059 -48.86398315],[-102.95663452  -48.86711502],[-112.03983307  -48.86840057],[-120.42111206  -48.86428452],5.847900410837453,5.123166695015336,4.133723416690426,3.034103249307075
24,9.589043155281523,9.167846772514652,8.492807232863893,[-92.85422516 -48.86391449],[-102.44326782  -48.86698532],[-111.6111145   -48.86828995],[-120.10391998  -48.86283493],6.095802317439978,5.163647233416941,4.407345403784362,3.275470206577768
25,9.677040558714157,9.24732216976897,8.605639357406247,[-92.23236084 -48.86392975],[-101.90940094  -48.86690903],[-111.15672302  -48.86817932],[-119.76235962  -48.86128616],6.3489271335707365,5.504133714112442,4.652995653515894,3.523695170810134
26,9.749596051859658,9.345268331748311,8.719349116892904,[-91.58245087 -48.86403275],[-101.33204651  -48.86685944],[-110.67731476  -48.86809921],[-119.39665985  -48.85972214],6.641972373933549,5.945040702858337,4.917397052840724,3.7659424233134224
27,9.816841477337697,9.449104383558709,8.83638546035979,[-90.90353394 -48.86421585],[-100.72037506  -48.86684418],[-110.16947937  -48.86803055],[-119.00585938  -48.85821152],6.922552192632067,6.218812002937236,5.191998019092474,4.027917316451926
28,9.887543017604571,9.568534914583969,8.934638367467818,[-90.19754028 -48.86448288],[-100.08508301  -48.86688995],[-109.65361786  -48.8679924 ],[-118.58824921  -48.85679245],7.191156275291616,6.459410728045478,5.1482348512409475,4.296294624923638
29,9.955513234619525,9.710975695692698,9.014817253503834,[-89.4642334  -48.86480713],[-99.4197464  -48.86696625],[-109.13072205  -48.867939  ],[-118.1455307   -48.85548782],7.4678827728813895,6.80480777916076,5.318127161611742,4.525157887219987
30,10.015464960000234,9.857688938245374,9.10505924954984,[-88.70302582 -48.86520386],[-98.7184906  -48.86708832],[-108.5761795   -48.86791229],[-117.68122864  -48.8543396 ],7.745932957755351,7.150583942749118,5.727241039328687,4.744182537541829
31,10.071708808460286,9.991790795605057,9.214901078512261,[-87.91442108 -48.86565018],[-97.98612976 -48.86726379],[-107.97792053  -48.86795807],[-117.19281006  -48.85336685],8.01536609900593,7.445747647327619,6.161235836250403,5.006726124042314
32,10.12477120519295,10.11258698763414,9.342694539233893,[-87.09934998 -48.86612701],[-97.22412109 -48.86745453],[-107.33670807  -48.86795807],[-116.67938995  -48.85258102],8.276467856117836,7.752276263523482,6.571073092376169,5.163651091610128
33,10.171653804040746,10.229370118965702,9.504278092518692,[-86.25850677 -48.86661148],[-96.43016052 -48.86768341],[-106.65953064  -48.86787415],[-116.16379547  -48.85199738],8.531242860195384,8.074514768114367,6.9296207615994705,5.20967855015722
34,10.212356600623629,10.340972900548936,9.682119655706312,[-85.39253998 -48.86709976],[-95.60489655 -48.86792374],[-105.94586945  -48.86786652],[-115.62797546  -48.85161591],8.778855721491384,8.378600512235353,7.305331716121017,5.546349585442444
35,10.24791719126783,10.442474369153683,9.855413755127454,[-84.50218201 -48.86759186],[-94.75009918 -48.86816406],[-105.19257355  -48.86787796],[-115.04797363  -48.85146332],9.018773319121484,8.67208234262788,7.702790760831548,6.013500893957948
36,10.277572638225143,10.534477243667444,10.025724453352487,[-83.58824921 -48.86804581],[-93.86582184 -48.8684082 ],[-104.40029907  -48.86795425],[-114.42601013  -48.85156631],9.251632709085985,8.967502984392937,8.083452309134948,6.395600646910637
37,10.300941469051004,10.617935196705119,10.197019017010412,[-82.65136719 -48.86846161],[-92.95230865 -48.86865234],[-103.57024384  -48.8680687 ],[-113.76725006  -48.85191727],9.477593258562313,9.255519275533388,8.46456635886574,6.780209929720392
38,10.318489074845239,10.690902732011557,10.36305658150272,[-81.69223785 -48.86884689],[-92.01072693 -48.8689003 ],[-102.70162964  -48.86821365],[-113.06467438  -48.85254669],9.696498537318677,9.532106716611676,8.850505999741541,7.254024636343108
39,10.330307006892989,10.7531967431039,10.51704696065411,[-80.71157837 -48.86919022],[-91.04188538 -48.86915588],[-101.79508209  -48.86839676],[-112.31211853  -48.85351944],9.908522106045934,9.802518142054284,9.223180972745453,7.771071031418292
40,10.336303711658317,10.805770901498402,10.657136391529326,[-79.71005249 -48.86948013],[-90.0463562  -48.86935806],[-100.85212708  -48.86858749],[-111.50925446  -48.8547287 ],10.113878570344822,10.06609265973459,9.583640298945769,8.238096096150512
41,10.336730958520688,10.848373441547581,10.790336402981517,[-78.6883316  -48.86973953],[-89.02506256 -48.86956406],[-99.87343597 -48.86877823],[-110.66376495  -48.85612106],10.312636674814794,10.319751905207514,9.9393646275475,8.65187779921823
42,10.331863406115382,10.880760220699687,10.915273820258147,[-77.64707947 -48.86999512],[-87.97894287 -48.86975479],[-98.85970306 -48.86897659],[-109.77497101  -48.85765076],10.504909764996997,10.564538134692777,10.284568966055113,9.106825107979557
43,10.321891789067283,10.903442407669067,11.027027775877636,[-76.58690643 -48.87021255],[-86.90879822 -48.86991119],[-97.8122406  -48.86917496],[-108.83926392  -48.85925674],10.69087810554543,10.801296336660915,10.617091347691304,9.568922931541836
44,10.307037359490543,10.916648886581333,11.127314940761858,[-75.508461   -48.87041473],[-85.81549835 -48.87006378],[-96.73214722 -48.86937332],[-107.85945892  -48.86088943],10.870672375381735,11.028883062142755,10.939074663677339,9.99557644561519
45,10.287673957698528,10.920600910142328,11.216539710121388,[-74.41234589 -48.8705864 ],[-84.70001984 -48.87019348],[-95.62062073 -48.8695488 ],[-106.8371582   -48.86246872],11.044427026621792,11.247189579952165,11.248314977926437,10.427479153821329
46,10.264068613219436,10.915740983018193,11.291421411577005,[-73.29914093 -48.8707428 ],[-83.56320953 -48.87029648],[-94.4789505  -48.86970139],[-105.77037048  -48.8640213 ],11.212300378324858,11.456888239630578,11.54404936150219,10.87441904502155
47,10.23650361165355,10.902778639326428,11.351601477048098,[-72.16946411 -48.87086868],[-82.40596771 -48.87040329],[-93.30874634 -48.86985397],[-104.66034698  -48.86551285],11.374443104449222,11.65784647939269,11.82126339284523,11.283762285260972
48,10.205307019071014,10.882537852243596,11.399956166198486,[-71.02383423 -48.87097168],[-81.22914124 -48.87047195],[-92.11167908 -48.86999512],[-103.51163483  -48.86691284],11.531001122643518,11.849775329813857,12.085205134974228,11.661796210822862
49,10.170852674756384,10.855094918075967,11.435897986844918,[-69.86283875 -48.87105179],[-80.03369141 -48.87052536],[-90.88878632 -48.87009811],[-102.32468414  -48.86818695],11.682126063372163,12.031590471415821,12.338978804835284,12.046585014579968
50,10.133613600498625,10.820701605845203,11.457572969734427,[-68.68698883 -48.87111282],[-78.82060242 -48.87057877],[-89.64130402 -48.8701973 ],[-101.09887695  -48.86933136],11.827981004586416,12.204594617465702,12.57851507938904,12.433333755915182
51,10.093826308685616,10.780105596409516,11.464973449798418,[-67.49681854 -48.87116623],[-77.59064484 -48.87062073],[-88.37075043 -48.87027359],[-99.83572388 -48.87031937],11.96870804240113,12.370247842734674,12.804038063169873,12.785195347597094
52,10.051727310992101,10.733726505483872,11.461341886982646,[-66.29283905 -48.87118912],[-76.34456635 -48.87062073],[-87.07829285 -48.870327  ],[-98.5396347  -48.87114334],12.104110718649085,12.528003692935291,13.018123635497185,13.103305719629278
53,10.007576005128042,10.681930544782162,11.446945278389933,[-65.0756073  -48.87119675],[-75.08318329 -48.87062454],[-85.76511383 -48.8703804 ],[-97.21205902 -48.87179947],12.234047889823557,12.677852630833518,13.21965408833925,13.417518709382957
54,9.961616532547266,10.625335695282907,11.420990144445822,[-63.84562683 -48.87119675],[-73.80724335 -48.87062454],[-84.43257904 -48.87042236],[-95.85356903 -48.87229919],12.359395027176054,12.820474624655558,13.407897951114657,13.71773583397949
55,9.914119736971701,10.564483644512736,11.384529331741566,[-62.6033287  -48.87119675],[-72.51744843 -48.87062454],[-83.08193207 -48.87042236],[-94.46646118 -48.87265015],12.48038196588832,12.95599079132419,13.584121704532748,13.993813757472772
56,9.865341203339796,10.4998321551227,11.338318138062824,[-61.34915924 -48.87120056],[-71.21450043 -48.87062454],[-81.71433258 -48.87042999],[-93.05265045 -48.87289047],12.596862793774216,13.084516525335976,13.748655319680056,14.254939169681498
57,9.815525071833346,10.431854249861008,11.282493891262007,[-60.08356857 -48.87120056],[-69.89909363 -48.87062454],[-80.33094788 -48.87042999],[-91.61344147 -48.87303162],12.709093095746244,13.206452369899083,13.901517868231704,14.501649879136316
58,9.764896407846738,10.361061098090264,11.2177279789529,[-58.80695724 -48.87117004],[-68.57185364 -48.87062836],[-78.93291473 -48.87042999],[-90.1506424  -48.87310028],12.81729793861493,13.32206535382882,14.043494224715673,14.728522302954826
59,9.7136802801883,10.287834169392843,11.144958817819575,[-57.5197258  -48.87112808],[-67.23340607 -48.87062836],[-77.52124023 -48.87042999],[-88.66619873 -48.87310791],12.921519282023421,13.431569100326817,14.175141334685742,14.937482834144815
60,9.662075055062465,10.212615968723334,11.06473573850522,[-56.22227097 -48.87111664],[-65.88434601 -48.87062836],[-76.09696198 -48.87042999],[-87.16169739 -48.87311554],13.02187824408554,13.535266877585705,14.296674728544893,15.130563737727439
61,9.610282910353567,10.135818483386368,10.97778351959431,[-54.91496277 -48.87111664],[-64.52524567 -48.87062836],[-74.66106415 -48.87042999],[-85.63884735 -48.87306595],13.118543627105499,13.63344288073105,14.408560753025162,15.306180004232417
62,9.558441174386891,10.057868958795625,10.884888005311595,[-53.59818268 -48.87107468],[-63.15662384 -48.87059021],[-73.2144928  -48.87042999],[-84.09938049 -48.8730278 ],13.211619380419936,13.726344111398436,14.511320114296415,15.464523316997282
63,9.50674821123086,9.97911453352355,10.786850286567804,[-52.27226257 -48.87104797],[-61.77901077 -48.87057495],[-71.75812531 -48.87042999],[-82.54497528 -48.87302017],13.301217080803761,13.81423473496977,14.605357170267169,15.607086182025437
64,9.455326092154234,9.899944306481189,10.684349373099774,[-50.93755341 -48.87104797],[-60.39287949 -48.87057495],[-70.29282379 -48.87042999],[-80.97717285 -48.87301636],13.387457848945013,13.897383691292099,14.691105842749117,15.734024047965567
65,9.40429307219891,9.820674897310067,10.578018504664453,[-49.5943985  -48.87104797],[-58.99869156 -48.87057495],[-68.81936646 -48.87042999],[-79.39738464 -48.87301636],13.470463754911984,13.97602844426038,14.769074440152588,15.849092483531235
66,9.353797923064558,9.741619110920789,10.468323073407408,[-48.24309921 -48.87099838],[-57.59689713 -48.87055588],[-67.33851624 -48.87042999],[-77.80683899 -48.87301636],13.55033874802354,14.050418856044718,14.839730262892912,15.948361396868307
67,9.303924570889235,9.6630897529683,10.35646852363551,[-46.88396835 -48.87099075],[-56.18789291 -48.87055206],[-65.85098267 -48.87042999],[-76.20745087 -48.87301636],13.62718677618603,14.12078857591771,14.90352153789916,16.02932739272638
68,9.254776011373847,9.585361481490178,10.243194906601381,[-45.51729965 -48.87099075],[-54.77207565 -48.87055206],[-64.35743713 -48.87042999],[-74.60063171 -48.87301636],13.701117517049939,14.187357904623665,14.960925102331364,16.098945617824395
69,9.206424726083254,9.508663177766469,10.128940912481815,[-44.14338303 -48.87099075],[-53.34980774 -48.87050247],[-62.85847092 -48.87042999],[-72.9874115  -48.87301636],13.772236826084171,14.250342371683995,15.012404441907044,16.157680511561534
70,9.15893555774969,9.43323135400967,10.014358854492384,[-42.76249313 -48.87094498],[-51.92142868 -48.87049866],[-61.35466003 -48.87042999],[-71.36901855 -48.87301636],13.840634348729491,14.309943199762722,15.05839157109476,16.2035446167144
71,9.112388621399592,9.359256744636646,9.900120119332604,[-41.37490082 -48.87093735],[-50.48728943 -48.87049866],[-59.84654617 -48.87042999],[-69.74666595 -48.87301636],13.906412125617297,14.366354943175011,15.099327087430298,16.23892211915572
72,9.06681824791751,9.286907196298765,9.786663397174943,[-39.98085785 -48.87093735],[-49.04767609 -48.87049866],[-58.33458328 -48.87042999],[-68.12124634 -48.87301636],13.969665528743048,14.41976261231443,15.135628700266958,16.265394211009443
73,9.02225876921016,9.216354370372972,9.674461711485264,[-38.580616   -48.87093735],[-47.60287476 -48.87049866],[-56.81922913 -48.87042999],[-66.49369049 -48.87302017],14.030479433028882,14.470360756956897,15.167694091797811,16.282579422683547
74,8.978771218994508,9.147697448988174,9.563953750403817,[-37.17440796 -48.87090683],[-46.15317917 -48.87049866],[-55.30087662 -48.87042999],[-64.86483002 -48.87302017],14.088942530211002,14.51831913118961,15.195909500124621,16.293094636528807
75,8.936351785271373,9.081089020034986,9.455379830484208,[-35.76247025 -48.87090302],[-44.69882202 -48.87049866],[-53.77991104 -48.87042999],[-63.23529053 -48.87298203],14.145146371333958,14.563800813314113,15.220642089863183,16.295867923054296
76,8.895019540440835,9.016590118669656,9.349350312532106,[-34.34502411 -48.87090302],[-43.24004364 -48.87049866],[-52.25663376 -48.87042999],[-61.60598373 -48.87294006],14.199169160907713,14.60696411325892,15.242243766841131,16.289878847810986
77,8.85478592824867,8.954292297403097,9.24622377505471,[-32.92228317 -48.87085724],[-41.77706909 -48.8704567 ],[-50.73136139 -48.87042999],[-59.97758484 -48.87288284],14.25109195966807,14.647942545432421,15.26103687298266,16.27875137528292
78,8.815662393132625,8.8942260742482,9.146190972216587,[-31.49445724 -48.87085342],[-40.31011963 -48.87045288],[-49.2043457  -48.87042999],[-58.35053635 -48.87288284],14.300992012821506,14.686867714688708,15.27733516714311,16.26314735475833
79,8.777647027571447,8.83642959596785,9.049511287197266,[-30.06174278 -48.87085342],[-38.8393898  -48.87045288],[-47.6758194  -48.87043381],[-56.72533035 -48.87288284],14.348937989486728,14.723864556334135,15.291426658972723,16.24240875384844
80,8.740724572776069,8.780933380147669,8.95643267113064,[-28.62433052 -48.87085342],[-37.36505508 -48.87045288],[-46.14598846 -48.87043381],[-55.10242081 -48.87285995],14.395007134977396,14.759042740907333,15.303565025961568,16.217876436534542
81,8.704893121397829,8.727756500264983,8.8670581187763,[-27.18240166 -48.87085342],[-35.88729477 -48.87045288],[-44.61505127 -48.87043381],[-53.48210907 -48.87281036],14.439266206716784,14.792511941134293,15.314008713648576,16.190523149797926
82,8.670141227826814,8.676868438741666,8.781551680606972,[-25.7361393  -48.87081909],[-34.40628052 -48.87045288],[-43.08314896 -48.87043381],[-51.86470032 -48.87280273],14.481786730371365,14.82436847818173,15.32298278930929,16.16038704036572
83,8.636447913780673,8.62825393678866,8.70001633701608,[-24.28571701 -48.87080765],[-32.92216492 -48.87045288],[-41.55041885 -48.87043381],[-50.25043488 -48.87277603],14.52263355377623,14.854706765798097,15.330691339226755,16.128049852688946
84,8.60379982726047,8.581886291588688,8.622497869503581,[-22.83129311 -48.87080765],[-31.43509293 -48.87045288],[-40.01697922 -48.87041473],[-48.63947678 -48.87273026],14.561877251988907,14.883612634662995,15.337312700503782,16.094255449415545
85,8.572179803316308,8.537717819221537,8.549038247965074,[-21.3730278  -48.87080765],[-29.9452076  -48.87041473],[-38.48292542 -48.87040329],[-47.03196335 -48.87272263],14.599575998099727,14.911164286072065,15.343032838526344,16.059312821531275
86,8.541564950268684,8.495712280276864,8.479652719891648,[-19.91106796 -48.87080002],[-28.4526329  -48.87041092],[-36.94834518 -48.87040329],[-45.42799759 -48.872715  ],14.635790826980914,14.937443734032898,15.347998620596202,16.023574831084723
87,8.51193619451497,8.455799102786646,8.414318388791726,[-18.44556808 -48.87075043],[-26.95750427 -48.87041092],[-35.41330338 -48.87040329],[-43.82762146 -48.87266541],14.670578005110837,14.962519646669538,15.352342607425507,15.987524035499836
88,8.483261115192153,8.41792678840009,8.352997131446882,[-16.9766655  -48.87075043],[-25.45992661 -48.87041092],[-33.87785339 -48.87037659],[-42.23085022 -48.87263489],14.703994751462298,14.986454964698726,15.356189729888452,15.951487542797736
89,8.45552635874471,8.382022857771048,8.29562790346075,[-15.50449181 -48.87075043],[-23.96001816 -48.87041092],[-32.34204102 -48.87036896],[-40.63766861 -48.87263489],14.736088753604538,15.009309769752358,15.35964107621422,15.915721894895785
90,8.42870522229179,8.34802246104296,8.242134394284104,[-14.02917671 -48.87075043],[-22.45788193 -48.87041092],[-30.80590439 -48.87036896],[-39.04803848 -48.87259293],14.76691341495848,15.031147004388458,15.362785340412538,15.880535128792916
91,8.402762419883702,8.31585121165372,8.192415525981295,[-12.55085087 -48.87075043],[-20.95361328 -48.87041092],[-29.26946449 -48.87036896],[-37.46187973 -48.87254333],14.796518326959491,15.052021028037775,15.365714074345291,15.846172334735433
92,8.377681739057067,8.285434723006649,8.146368316918986,[-11.06962776 -48.87075043],[-19.44730949 -48.87041092],[-27.73274422 -48.87036896],[-35.87911224 -48.87254333],14.824947358668346,15.071967126635727,15.368496896104647,15.812820435580267
93,8.353430755358104,8.256692886408937,8.103851604972176,[ -9.58562374 -48.87075043],[-17.93905449 -48.87039948],[-26.19574738 -48.87036896],[-34.29959869 -48.87252426],14.852243425431631,15.091045381663827,15.371186257863299,15.780662538898705
94,8.329993253576015,8.22953796391051,8.064758575682651,[ -8.09895039 -48.87070084],[-16.42894363 -48.87039566],[-24.6584816  -48.87036896],[-32.7232399  -48.87247467],14.878457071989745,15.109297754132507,15.373831750683356,15.749854090240644
95,8.30733872006577,8.203900337346951,8.028921404449132,[ -6.60971165 -48.87069702],[-14.91705036 -48.87039566],[-23.1209507  -48.87034988],[-31.14987183 -48.87245941],14.903626442652893,15.126749994290815,15.376476289899017,15.720507622995257
96,8.2854375911954,8.179705619812902,7.996210377537373,[ -5.11801338 -48.87069702],[-13.40345097 -48.87034988],[-21.58315659 -48.87034607],[-29.57936668 -48.87245941],14.927788735446024,15.143460275957167,15.379147531008593,15.692720415069882
97,8.264271981854284,8.156871795655189,7.966450004861694,[ -3.62395167 -48.87069702],[-11.88822365 -48.87034988],[-20.04509544 -48.87034607],[-28.01154518 -48.87240982],14.950989724346547,15.159446716754108,15.381868363983358,15.666573527808517
98,8.243811853088198,8.13531875610441,7.939497251442478,[ -2.12762141 -48.87069702],[-10.37143326 -48.87034988],[-18.50675201 -48.87034607],[-26.44624901 -48.87236786],14.97326374187262,15.174749374997743,15.384658815215754,15.64210891906593
99,8.22403592603897,8.114981651309739,7.9151728360946345,[ -0.62911254 -48.87069702],[ -8.85314846 -48.87034988],[-16.96813011 -48.87034225],[-24.88330269 -48.87236786],14.994642259355908,15.18939209037003,15.387532236129935,15.619356156653838
100,8.204920417668548,8.09578084963294,7.893324162153701,[  0.87148678 -48.87067795],[ -7.33343363 -48.87034988],[-15.42921448 -48.87029648],[-23.32253838 -48.87233734],15.015168192142143,15.203417778512026,15.390494348614725,15.598333361359497
101,8.18644238160455,8.077650070366976,7.873779548670476,[  2.37409306 -48.87067413],[ -5.81234932 -48.87034988],[-13.88999939 -48.87029648],[-21.76377869 -48.87228775],15.034868241984121,15.216836929847563,15.393538475407542,15.579030038965637
102,8.168579346117284,8.060520649133222,7.856381668673875,[  3.87862563 -48.8706665 ],[ -4.28995371 -48.87034988],[-12.35047436 -48.87029648],[-20.20685577 -48.87228775],15.053774835681125,15.229685783983085,15.396676064036113,15.56143856143165
103,8.151312355726462,8.044325828729525,7.840982689982462,[  5.38500738 -48.87062073],[ -2.76630497 -48.87034988],[-10.8106308  -48.87029648],[-18.65161324 -48.87228775],15.071921350580283,15.241985321743668,15.399908066199774,15.545133590982397
104,8.134616617896953,8.029002905069586,7.827457681264084,[  6.8931613  -48.87062073],[ -1.24145532 -48.87034988],[ -9.27045822 -48.87029648],[-17.09791565 -48.87228775],15.089331627327343,15.253753662939685,15.403218269706,15.530634881081285
105,8.118473593938175,8.014494359671193,7.81560064790148,[  8.40301704 -48.87062073],[  0.28454345 -48.87034988],[ -7.7299509  -48.87029648],[-15.5455513  -48.87228394],15.106037140563467,15.265021325146996,15.40660095251258,15.518189432218174
106,8.102865104433482,8.00074446219149,7.805248977899312,[  9.91450691 -48.87062073],[  1.81164181 -48.87034988],[ -6.18910265 -48.87029648],[-13.99435139 -48.87223434],15.122063637458146,15.27579593776458,15.410044670508938,15.507076266944734
107,8.087773804431245,7.987698078334053,7.796289674493106,[ 11.42756557 -48.87062073],[  3.33979177 -48.87034988],[ -4.6479063  -48.87029648],[-12.44419575 -48.87219238],15.137438774873305,15.286102296331046,15.413537025919737,15.49728679897519
108,8.07317734218969,7.975306749522685,7.788574198266161,[ 12.94212532 -48.87062073],[  4.86894798 -48.87034988],[ -3.10635877 -48.87029648],[-10.89493275 -48.87213898],15.152180672642764,15.295968057401684,15.417067528322537,15.489027025368244
109,8.059059624714743,7.963523030412634,7.7819667851592715,[ 14.45812607 -48.87062073],[  6.39906645 -48.87034225],[ -1.56445658 -48.87029648],[ -9.34642315 -48.87213898],15.16632175568727,15.305389406285032,15.420624733627122,15.482039452491055
110,8.04540586993917,7.952302111386858,7.776351058363016,[ 15.97550964 -48.87062073],[  7.93010378 -48.87033081],[-2.21983325e-02 -4.88702965e+01],[ -7.79854918 -48.87212753],15.179881097493102,15.314397813792397,15.424182892627222,15.476191522721585
111,8.032196049617797,7.94160544879705,7.771623458001846,[ 17.49421692 -48.87060547],[  9.46202087 -48.87033081],[  1.52041543 -48.87029648],[ -6.25120783 -48.87207794],15.19287586420374,15.323013307298755,15.427734375930942,15.471187594690065
112,8.01941490605302,7.931393861844936,7.767696817238337,[ 19.01419258 -48.87059402],[ 10.99477768 -48.87033081],[  3.06338382 -48.87029648],[ -4.7043128  -48.87205124],15.205337526172546,15.331237794876627,15.431275368847066,15.46737957163051
113,8.007051473711147,7.921630859378674,7.764423091812263,[ 20.53538704 -48.87059402],[ 12.52833557 -48.87028885],[  4.60670471 -48.87029648],[ -3.15771818 -48.87205124],15.217272760165589,15.33907890530192,15.43478870523683,15.464900018544482
114,7.995091443276908,7.912282943729264,7.761702844050406,[ 22.05774879 -48.87057114],[ 14.06265736 -48.87028885],[  6.15037441 -48.87029648],[ -1.61132824 -48.87200165],15.228716852382112,15.346575737483521,15.438254357943773,15.463130954136883
115,7.983517651514105,7.903322219852315,7.759469138493876,[ 23.58122826 -48.87056351],[ 15.59771061 -48.87028885],[  7.69438839 -48.87029648],[ -0.06508057 -48.87197113],15.23968029147108,15.353729248670488,15.441661836558767,15.462061883574004
116,7.972309117280025,7.894721984922265,7.757632921474853,[ 25.10577011 -48.87056351],[ 17.133461   -48.87028885],[  9.23873901 -48.87025833],[  1.48110628 -48.87197113],15.25017547732003,15.360543251571796,15.445008280058396,15.461817742760836
117,7.961473469703456,7.886453628599085,7.756115857413792,[ 26.63134766 -48.87056351],[ 18.66987419 -48.87028885],[ 10.78342056 -48.87025833],[  3.02730489 -48.87194061],15.260232926863686,15.367024422186491,15.448277474134791,15.462176325451727
118,7.950990681623765,7.878491401731469,7.754858668094269,[ 28.15790558 -48.87056351],[ 20.2069149  -48.87028885],[ 12.3284235  -48.87025833],[  4.57356501 -48.87190247],15.269862176657032,15.373212814839802,15.45145225613429,15.463017465547312
119,7.940837864597149,7.870821952878988,7.753802950649738,[ 29.68540001 -48.87055588],[ 21.74456215 -48.87028885],[ 13.8737402  -48.87025833],[  6.11993742 -48.87190247],15.27906990251836,15.379104614817448,15.454526902075267,15.464362145649408
120,7.931013110280456,7.863427162229629,7.7528883721808155,[ 31.21379662 -48.87050629],[ 23.28278351 -48.87028885],[ 15.41935635 -48.87025833],[  7.66646814 -48.87187958],15.287894250969147,15.384700775782923,15.457498551237451,15.46611786122409
121,7.921508792046728,7.856279373228218,7.752073447282554,[ 32.74305344 -48.87050629],[ 24.82154465 -48.87028885],[ 16.96526527 -48.87025833],[  9.21319199 -48.87182999],15.296339035384179,15.39002609326444,15.460360527914998,15.468176843833369
122,7.912305834896879,7.849372863828856,7.751317183565188,[ 34.27313232 -48.87050629],[ 26.36082649 -48.87028885],[ 18.51145363 -48.87025833],[ 10.7601366  -48.87182999],15.304408073966432,15.39507865991257,15.463102341673702,15.470511437308609
123,7.903404238830907,7.842687606870899,7.750582854356651,[ 35.80400085 -48.87050629],[ 27.90059662 -48.87028885],[ 20.05790901 -48.87025833],[ 12.30732632 -48.87182999],15.312126160160176,15.399878502889646,15.465722085154392,15.473071100188882
124,7.894788745059758,7.836215972959815,7.749843746878315,[ 37.33562851 -48.87050629],[ 29.44083977 -48.87028885],[ 21.60462379 -48.87025833],[ 13.8547802 -48.8717804],15.3195123677519,15.404436112615356,15.468217851002397,15.475739481818236
125,7.886449816840267,7.829938888609276,7.749078897109221,[ 38.86797333 -48.87050629],[ 30.98152351 -48.87028885],[ 23.15158463 -48.87025833],[ 15.40250587 -48.87176514],15.326570511454124,15.408753396441973,15.470577241450915,15.478530884981122
126,7.878376010080644,7.823860168516549,7.748247293121038,[ 40.40100098 -48.87050629],[ 32.52262497 -48.87028885],[ 24.6987648  -48.87025833],[ 16.95051765 -48.87176514],15.33330917432317,15.412841798462448,15.472805978547742,15.48144054576102
127,7.870574954175415,7.8179588318624935,7.7473393885876645,[ 41.9346962  -48.87050629],[ 34.06412125 -48.87028885],[ 26.24616241 -48.87025452],[ 18.49882317 -48.87172699],15.339745522491231,15.416714670124465,15.474901201272504,15.484349253479731
128,7.863018040167439,7.8122329713041,7.746341850392598,[ 43.4690094  -48.87050629],[ 35.60599136 -48.87024689],[ 27.79375839 -48.87020493],[ 20.04741669 -48.8717041 ],15.345896722098214,15.420376779799811,15.476854326337309,15.487215997368004
129,7.855701450815956,7.806674957388164,7.745254661692258,[ 45.00392151 -48.87050629],[ 37.14822006 -48.87024689],[ 29.3415451  -48.87020493],[ 21.59629059 -48.8717041 ],15.351768495196108,15.423829079219338,15.478679657255986,15.490061761524283
130,7.848629001964197,7.80127525340875,7.744058746112198,[ 46.53941345 -48.87050247],[ 38.69078445 -48.87024689],[ 30.8895092  -48.87020493],[ 23.14545059 -48.87166214],15.357371332208558,15.427083016149671,15.480364799856224,15.492830279136951
131,7.841785433613798,7.796031952062023,7.742750304256257,[ 48.07544708 -48.87045288],[ 40.23366165 -48.87024689],[ 32.4376297 -48.8701973],[ 24.69487953 -48.8716507 ],15.362712862308214,15.430158615731173,15.481911659475678,15.495478631380385
132,7.835159304465695,7.790935516515251,7.741325514852652,[ 49.6119957  -48.87045288],[ 41.7768364  -48.87024689],[ 33.98590088 -48.8701973 ],[ 26.2445755 -48.8716507],15.367804527722658,15.433054924588383,15.483330726687255,15.498005868814674
133,7.8287467983643975,7.78598403946457,7.739788183421057,[ 51.14903259 -48.87045288],[ 43.3202858  -48.87024689],[ 35.53430176 -48.8701973 ],[ 27.7945137  -48.87160492],15.37265586919914,15.435773850077899,15.484614372299026,15.500392916638491
134,7.822544100612641,7.7811889650017765,7.73814976752648,[ 52.68655777 -48.87045288],[ 44.86401367 -48.87024689],[ 37.08282471 -48.8701973 ],[ 29.34467506 -48.87158585],15.3772811895896,15.438326836274035,15.485761642485409,15.502613068905227
135,7.816547396513158,7.7765197755487465,7.736414080298571,[ 54.22452927 -48.87045288],[ 46.40798187 -48.87024689],[ 38.6314621 -48.8701973],[ 30.89504814 -48.87158585],15.381685257600212,15.44075489115248,15.48679542543684,15.504661561449277
136,7.810741427276895,7.771991729894542,7.734573485496909,[ 55.76292419 -48.87045288],[ 47.95218277 -48.87024689],[ 40.18019104 -48.8701973 ],[ 32.44561768 -48.87156677],15.385873795295513,15.443015099379412,15.487711906452288,15.50652790291703
137,7.805130007601114,7.767593383947366,7.732643240087047,[ 57.30173111 -48.87045288],[ 49.4966011  -48.87024689],[ 41.72900772 -48.8701973 ],[ 33.99636459 -48.87151718],15.389859200427747,15.44508838745781,15.488512039204016,15.5082044621597
138,7.79970932278855,7.7633171083126875,7.730629079960146,[ 58.84092712 -48.87045288],[ 51.0412178  -48.87024689],[ 43.2779007 -48.8701973],[ 35.54727173 -48.87151718],15.393642426663874,15.447040558918447,15.489192008993616,15.509687424372286
139,7.79446792874741,7.759174347082303,7.72854244058627,[ 60.38049316 -48.87045288],[ 52.58602524 -48.87024689],[ 44.82685089 -48.8701973 ],[ 37.09830856 -48.87151718],15.397232057070733,15.448865891717876,15.489761352564418,15.510973931754826
140,7.789398196083166,7.755149841467151,7.7263871353630815,[ 61.92040253 -48.87045288],[ 54.13100433 -48.87024689],[ 46.37585449 -48.8701973 ],[ 38.64946747 -48.87150955],15.400648118815248,15.450548173393633,15.490225791962324,15.512064935785467
141,7.784503938745344,7.7512512208617625,7.724170788017919,[ 63.4606514  -48.87042236],[ 55.67614746 -48.87024689],[ 47.92489624 -48.8701973 ],[ 40.20072556 -48.87145996],15.403886797205862,15.452109338456797,15.490588188210664,15.512959482791342
142,7.779773714052065,7.747470855871605,7.721908670706811,[ 65.00121307 -48.87041855],[ 57.22143936 -48.87024689],[ 49.47396851 -48.8701973 ],[ 41.75205994 -48.87144852],15.406954766351584,15.453558923655054,15.490851402332945,15.513660431883473
143,7.775192263470955,7.743808746352924,7.71960459358863,[ 66.54206085 -48.87041855],[ 58.76686859 -48.87021255],[ 51.02305984 -48.8701973 ],[ 43.30345535 -48.87144852],15.409862519512657,15.45488453122519,15.491024017398889,15.514173509048701
144,7.770774844038913,7.740242004409572,7.717289071145621,[ 68.08319855 -48.87041855],[ 60.31242371 -48.87021255],[ 52.5721817 -48.8701973],[ 44.85489273 -48.87144089],15.412612916344175,15.456109047686402,15.49110794075782,15.514502527358571
145,7.766510012497443,7.7367973327787185,7.714946839220625,[ 69.6246109  -48.87041855],[ 61.85810089 -48.87021255],[ 54.12130356 -48.8701973 ],[ 46.40635681 -48.8713913 ],15.415213586336609,15.45723438355026,15.49110603343357,15.514657022987107
146,7.762378695360225,7.733455657974038,7.7126046133644035,[ 71.16625977 -48.87041855],[ 63.40388107 -48.87021255],[ 55.67042542 -48.8701973 ],[ 47.95782089 -48.87137985],15.417668344249918,15.458258629698813,15.4910259248217,15.514640808958532
147,7.758399965914763,7.730236053481857,7.710231871693084,[ 72.70815277 -48.87041092],[ 64.94975281 -48.87021255],[ 57.21951675 -48.8701973 ],[ 49.50928497 -48.87137985],15.419985773148634,15.459189415808092,15.490870475946567,15.514462472151429
148,7.754554750787971,7.727130889907644,7.707878203507886,[ 74.25027466 -48.87039948],[ 66.49571991 -48.87021255],[ 58.76858902 -48.8701973 ],[ 51.06071091 -48.87137985],15.422168733599417,15.460031510260151,15.490641594157585,15.514132501378667
149,7.750839235652332,7.724128723148299,7.705535973088831,[ 75.79260254 -48.87039948],[ 68.04176331 -48.87021255],[ 60.31763458 -48.87020493],[ 52.61209869 -48.87134552],15.424216272122207,15.46078586671484,15.490352630896913,15.513655664944308
150,7.747253419870561,7.72122573852916,7.703224264326982,[ 77.33513641 -48.87038422],[ 69.587883   -48.87021255],[ 61.86665726 -48.87020493],[ 54.16343307 -48.87133026],15.42614078721213,15.461456299854978,15.490000725346968,15.513044358735268
151,7.7437896747542245,7.718429565433458,7.700939260689263,[ 78.87785339 -48.87038422],[ 71.13406372 -48.87021255],[ 63.41563416 -48.87020493],[ 55.71469498 -48.87133026],15.427952767842658,15.462047578047148,15.489590645498902,15.512309076028988
152,7.740447999950359,7.715728759769397,7.6986923990819305,[ 80.42074585 -48.87038422],[ 72.68029785 -48.87021255],[ 64.96456909 -48.87020493],[ 57.26587677 -48.87129593],15.429645540008263,15.462565423338182,15.489128113633532,15.51145744568658
153,7.737220766064434,7.7131195068397105,7.696483687773586,[ 81.96379852 -48.87038422],[ 74.22657776 -48.87021255],[ 66.51345825 -48.87020493],[ 58.81697464 -48.87128448],15.431230546888306,15.463010789401118,15.48861408337852,15.51049804822598
154,7.734100343016104,7.710617065433462,7.69432075444526,[ 83.50700378 -48.87034988],[ 75.77290344 -48.87021255],[ 68.06228638 -48.87020493],[ 60.3679657  -48.87128448],15.432706834970947,15.463384629910088,15.488055230449431,15.509443284692805
155,7.731086732176736,7.708198547367057,7.692215037352932,[ 85.05034637 -48.87034988],[ 77.31925964 -48.87021255],[ 69.6110611  -48.87020493],[ 61.91884613 -48.87125397],15.434084893019115,15.463693620591151,15.487454415872865,15.50830078357202
156,7.728187562775958,7.705879211449386,7.690151284085057,[ 86.59383392 -48.87034988],[ 78.86564636 -48.87018585],[ 71.15976715 -48.87020493],[ 63.46961594 -48.87123871],15.435364724157246,15.463938715118362,15.486809732310336,15.507076264829948
157,7.725402833772679,7.703613281258501,7.68816383099172,[ 88.13743591 -48.87034988],[ 80.41203308 -48.87018585],[ 72.7084198  -48.87017441],[ 65.02025604 -48.87123871],15.436549187637599,15.464124680528315,15.48613167017713,15.505784989850273
158,7.7226943987146965,7.7014770507897525,7.686225962181943,[ 89.68115234 -48.87034988],[ 81.95845795 -48.87018585],[ 74.2569809  -48.87017441],[ 66.570755   -48.87121964],15.437641144761901,15.464253426724351,15.485415459578135,15.504430772996363
159,7.720123292758245,7.699356079110068,7.684364387873185,[ 91.22496796 -48.87034988],[ 83.50484467 -48.87018585],[ 75.80548859 -48.87017441],[ 68.12112427 -48.87120438],15.438648224941208,15.464325905932139,15.484671593826109,15.503022195667322
160,7.7176437395361495,7.697326660164757,7.682563850779987,[ 92.76888275 -48.87034988],[ 85.05123901 -48.87018585],[ 77.35391235 -48.87017441],[ 69.67134857 -48.87120438],15.439573289183805,15.464346886765115,15.483901024961375,15.501566888665195
161,7.715263368442937,7.695365905770228,7.680839602119161,[ 94.3128891  -48.87034988],[ 86.59762573 -48.87018585],[ 78.90225983 -48.87017441],[ 71.22142029 -48.87116241],15.440414430131623,15.464321137605323,15.483103753257986,15.50007438918299
162,7.712959291295021,7.693489074715543,7.679176392177069,[ 95.85697174 -48.87034988],[ 88.14401245 -48.87018585],[ 80.45052338 -48.87017441],[ 72.77134705 -48.87114716],15.441180230853165,15.46425056578851,15.482274056685316,15.498546601424296
163,7.710708619828603,7.691688537606169,7.677597107521773,[ 97.40110779 -48.87034607],[ 89.69039917 -48.87018585],[ 81.99871063 -48.87017441],[ 74.32111359 -48.87114716],15.441872598693179,15.46413135660644,15.48142337932102,15.496996880669753
164,7.7085647590945845,7.689979553231172,7.676078858022243,[ 98.94535065 -48.87029648],[ 91.23678589 -48.87018585],[ 83.54680634 -48.87017441],[ 75.87072754 -48.87114716],15.442491533437053,15.463969232101133,15.480551721151542,15.495425225824974
165,7.706451416809646,7.688362121590549,7.674629271630958,[100.48962402 -48.87029648],[ 92.78317261 -48.87018585],[ 85.09481049 -48.87017441],[ 77.42018127 -48.87113571],15.443041801770903,15.463768006967126,15.47966289686947,15.493840219612169
166,7.704406739075481,7.6868286132897685,7.673255974573601,[102.03396606 -48.87029648],[ 94.32955933 -48.87018585],[ 86.64273071 -48.87017441],[ 78.96947479 -48.87108612],15.44352531476736,15.463522912832266,15.478756906475267,15.492241861543226
167,7.702438355399977,7.685340881462211,7.67194372335161,[103.57833099 -48.87029648],[ 95.87589264 -48.87017822],[ 88.19055176 -48.87013626],[ 80.51860809 -48.87108612],15.44394588503163,15.46323490337424,15.477840425686988,15.490637779827626
168,7.700576783076936,7.683898925895826,7.670700132052549,[105.12276459 -48.87029266],[ 97.42218781 -48.87017822],[ 89.73828888 -48.87013626],[ 82.06758881 -48.87108612],15.444307327539079,15.462912561237662,15.476906777023034,15.48903656117498
169,7.698722840206046,7.682548523063815,7.669532834698219,[106.66719818 -48.87029266],[ 98.96847534 -48.87017822],[ 91.28592682 -48.87013626],[ 83.61639404 -48.87108612],15.44460773486777,15.462554933565933,15.475958824872917,15.487433434944942
170,7.696952821491735,7.681221008301728,7.6684189431052,[108.21164703 -48.87029266],[100.51469421 -48.87013245],[ 92.83347321 -48.87013626],[ 85.16505432 -48.87108612],15.444852829183386,15.462159158860185,15.475007057788462,15.485835077289545
171,7.695289613484282,7.679962158204073,7.667373710528159,[109.75617981 -48.87029266],[102.0608902  -48.87013245],[ 94.38092804 -48.87013626],[ 86.71355438 -48.87104034],15.445043564065516,15.461729050011657,15.47403907828521,15.48424911768947
172,7.693290712197917,7.678764343262666,7.6663818874617355,[111.30033112 -48.87029648],[103.60704041 -48.87013245],[ 95.92827606 -48.87013626],[ 88.26189423 -48.87102509],15.43606090571148,15.461273193744953,15.473062515760287,15.482685090184422
173,7.68977356148634,7.67755889893431,7.665458730729659,[112.84286499 -48.87029648],[105.15309143 -48.87012482],[ 97.47553253 -48.87013626],[ 89.81007385 -48.87102509],15.415555000693923,15.459608078249138,15.472074509172689,15.48112297169673
174,7.684242250452563,7.676147460946031,7.664573720969984,[114.38306427 -48.87029648],[106.69882202 -48.87012482],[ 99.02267456 -48.87013626],[ 91.35810089 -48.87102509],15.390320778347627,15.454843521178915,15.470928192662978,15.479566575599916
175,7.676734926235688,7.674201965340564,7.66370396999927,[115.92061615 -48.87029648],[108.24388123 -48.87012482],[100.56967926 -48.87013626],[ 92.90597534 -48.87102509],15.363351822454847,15.446779251132325,15.469175339298326,15.478016855251658
176,7.66744995309348,7.6715164184655675,7.66278080767548,[117.45543671 -48.87029648],[109.78798676 -48.87012482],[102.11647034 -48.87013626],[ 94.45368958 -48.87097549],15.335972786622452,15.436001777661895,15.466827393163582,15.476381304472524
177,7.65666961862353,7.667892456063227,7.6617355793859785,[118.98752594 -48.87029648],[111.33085632 -48.87012482],[103.66296387 -48.87013626],[ 96.00122833 -48.87096405],15.308768273206363,15.422420501712413,15.463012695941064,15.474562645761115
178,7.644699098607012,7.663261413582764,7.6603928059563176,[120.516922   -48.87029648],[112.8722229  -48.87012482],[105.20896149 -48.87013626],[ 97.54856873 -48.87096405],15.281988144882819,15.406156539917232,15.457129479131096,15.472416878676329
179,7.631835939430573,7.657569885262458,7.6585998982519445,[122.04367828 -48.87029648],[114.41184235 -48.87012482],[106.75427246 -48.87013626],[ 99.09567261 -48.87096405],15.255739213179199,15.387662887573663,15.449708939329513,15.469657899145211
180,7.618339540508211,7.650741577156997,7.656288191722483,[123.56784058 -48.87029648],[115.94950104 -48.87012482],[108.29875946 -48.87013626],[100.64247131 -48.87096405],15.23005962507097,15.367189407351386,15.440523148375954,15.466388703858524
181,7.604446413070339,7.642814636239037,7.653320356445781,[125.08946228 -48.87029648],[117.48501587 -48.87012482],[109.84220123 -48.87013626],[102.18888092 -48.87095642],15.204957963631992,15.344907760626727,15.429161072638374,15.462107660381184
182,7.5904006977418925,7.633811950692172,7.649597206779705,[126.60860443 -48.87029648],[119.01820374 -48.87012482],[111.38439178 -48.87013626],[103.73479462 -48.87090683],15.1804332751932,15.321127891552015,15.415766716940622,15.456338884722015
183,7.57637786982877,7.623802185067183,7.6450806048565925,[128.12532043 -48.87025833],[120.54894257 -48.87012482],[112.92514038 -48.87013626],[105.28005981 -48.87090302],15.156472208315467,15.29611206056405,15.400379181930067,15.449364662807543
184,7.562545777545766,7.6128997802820395,7.639663734384758,[129.63967896 -48.87025833],[122.07713318 -48.87012482],[114.4642334  -48.87013626],[106.8245697 -48.8708992],15.133065224393686,15.270060539268645,15.382891656083006,15.441708564778418
185,7.549041749227561,7.601234436043771,7.633186378460054,[131.15171814 -48.87025833],[123.60267639 -48.87012482],[116.00144196 -48.87013626],[108.36825562 -48.8708992 ],15.110200882874611,15.243190765409828,15.3633918774366,15.432008743335496
186,7.5360260021592875,7.588867187508629,7.625831642168702,[132.66151428 -48.87025833],[125.12548828 -48.87012482],[117.53662109 -48.87013626],[109.91078949 -48.8708992 ],15.087869645036461,15.215720176731546,15.342019082444182,15.41969490057284
187,7.523574830286245,7.575973510750831,7.617538490354783,[134.1690979  -48.87025833],[126.64552307 -48.87012482],[119.06954956 -48.87013626],[111.45201111 -48.8708992 ],15.066057206073124,15.187822341958837,15.318831445237747,15.405947685362515
188,7.511749268764673,7.562683105477409,7.608306923018328,[135.67451477 -48.87025833],[128.1627655  -48.87012482],[120.6000824  -48.87013626],[112.99177551 -48.8708992 ],15.044744492511986,15.159664154097177,15.29396248022237,15.390472412394839
189,7.50068664669611,7.549125671395393,7.5981827169103235,[137.17785645 -48.87025833],[129.6771698  -48.87012482],[122.12804413 -48.87013626],[114.52986145 -48.87090302],15.023931504335462,15.131411552476987,15.267587663473721,15.37273788512573
190,7.490356446502436,7.535476684579002,7.587196388841344,[138.67912292 -48.87025833],[131.18876648 -48.87012482],[123.65328979 -48.87013626],[116.06609344 -48.87090302],15.003602029071917,15.103202819874438,15.23985195348769,15.353083611815707
191,7.480834962128951,7.521842956577792,7.575462382463509,[140.17837524 -48.87025833],[132.69754028 -48.87012482],[125.17569733 -48.87010193],[117.60023499 -48.87089157],14.98374366894954,15.075154304555957,15.210918428574523,15.331608774345451
192,7.472106934786592,7.508377075230198,7.56305698200809,[141.67564392 -48.87025833],[134.20353699 -48.87012482],[126.69515991 -48.87010193],[119.13210297 -48.87084198],14.964348794571546,15.04738140111347,15.180978775681428,15.308123590967226
193,7.464309693576901,7.495178222691197,7.550041234627246,[143.17106628 -48.87025833],[135.70675659 -48.87012482],[128.21157837 -48.87010193],[120.66153717 -48.87083817],14.945404054498567,15.019981384327696,15.150203705593048,15.282748223185816
194,7.457305909331013,7.482391357456882,7.536544835765748,[144.6645813  -48.87025452],[137.20727539 -48.87012482],[129.72488403 -48.87010193],[122.18833923 -48.87083817],14.926898004644721,14.993043899584043,15.118775368375433,15.255662919419326
195,7.451156616641568,7.470123291050689,7.52268985536323,[146.15628052 -48.87020493],[138.7051239  -48.87012482],[131.23500061 -48.87010193],[123.71231079 -48.87083817],14.908823969060204,14.966642379805254,15.087180138186907,15.226887704618127
196,7.445831299259064,7.4584045410507445,7.508621250069137,[147.64619446 -48.87020493],[140.20036316 -48.87012482],[132.74195862 -48.87010193],[125.2333374  -48.87081909],14.891167640984335,14.940826416055522,15.055142403161867,15.196580889004933
197,7.441284180118702,7.4474029541367335,7.494400057283247,[149.13435364 -48.87020493],[141.69306946 -48.87012482],[134.2456665  -48.87010193],[126.75126648 -48.87080383],14.873925209460348,14.915656089817153,15.022588730355176,15.164922715986318
198,7.437515259220483,7.437164306675845,7.480178865939488,[150.62081909 -48.87020493],[143.18330383 -48.87012482],[135.74613953 -48.87010193],[128.26596069 -48.87080383],14.857078552548447,14.891179084806256,14.990213394657793,15.131967546227264
199,7.434509277697051,7.427703857457139,7.466095003696922,[152.10560608 -48.8701973 ],[144.6710968  -48.87012482],[137.24339294 -48.87010193],[129.77729797 -48.87080383],14.840628624198423,14.867412567161018,14.958112717170083,15.098361016824565
200,7.432220459337785,7.419128418004055,7.452194245500961,[153.58879089 -48.8701973 ],[146.15657043 -48.87012482],[138.73744202 -48.87010193],[131.2852478  -48.87078857],14.824557304476356,14.844382286087919,14.926204681899367,15.063669206813032
201,7.430603027697237,7.4114379883165915,7.43869021653774,[155.07037354 -48.8701973 ],[147.63977051 -48.87012482],[140.22833252 -48.87010193],[132.78964233 -48.87078094],14.808864593599646,14.822113990794046,14.894763947047366,15.027642251870816
202,7.429611206408222,7.404693603550999,7.425704985380137,[156.55041504 -48.8701973 ],[149.12080383 -48.87012482],[141.71611023 -48.87010193],[134.29040527 -48.87076187],14.793529510581173,14.800617218023099,14.86395072989851,14.991277696772686
203,7.429214477892615,7.398880004918214,7.413284326883588,[158.02893066 -48.8701973 ],[150.59971619 -48.87012482],[143.20083618 -48.87010193],[135.78755188 -48.87071228],14.77855587013537,14.77988147735784,14.83378124291798,14.955237390888911
204,7.429397583361356,7.3939666748401125,7.401535059345347,[159.50598145 -48.8701973 ],[152.07658386 -48.87012482],[144.68261719 -48.87010193],[137.28108215 -48.87071228],14.763927459798412,14.759913444519144,14.804367065999227,14.918601990263753
205,7.430084228869137,7.3900146484729445,7.3905945076247885,[160.98158264 -48.8701973 ],[153.55149841 -48.87012482],[146.16148376 -48.87010193],[138.77088928 -48.87071228],14.74964046487109,14.740715026856146,14.775827408432393,14.881332398335607
206,7.431228638048769,7.386993408238584,7.380554224455949,[162.45578003 -48.8701973 ],[155.02455139 -48.87012482],[147.63755798 -48.87010193],[140.25700378 -48.87071228],14.735685348609271,14.722261428837198,14.748202324539358,14.844610215199022
207,7.432800293322132,7.384902954137031,7.371444727416824,[163.92860413 -48.8701973 ],[156.49580383 -48.87012482],[149.11090088 -48.87010193],[141.73945618 -48.87071228],14.722052574270627,14.704546928417052,14.721547127431446,14.808361054627081
208,7.434783935900163,7.383666992222975,7.363327051663431,[165.40010071 -48.8701973 ],[157.96531677 -48.87012482],[150.58164978 -48.87010193],[143.21832275 -48.87071228],14.70874118818055,14.687458038352046,14.695928574309516,14.772453309572043
209,7.4371185306266145,7.383285522496414,7.356246973562778,[166.87026978 -48.8701973 ],[159.43315125 -48.87012482],[152.04986572 -48.87010193],[144.69361877 -48.87071228],14.695734977876207,14.671112060585049,14.671361923963975,14.737260820427382
210,7.439758301134302,7.383682251012037,7.350265524612248,[168.3391571 -48.8701973],[160.8993988  -48.87012482],[153.51571655 -48.87010193],[146.16545105 -48.8706665 ],14.68303394335854,14.65555381780889,14.647866249880689,14.702922823603425
211,7.4426422122669775,7.384872436558907,7.345367453045432,[169.80677795 -48.8701973 ],[162.36413574 -48.87012482],[154.97926331 -48.87010193],[147.63389587 -48.87066269],14.670626640536655,14.640607833950588,14.625486374754095,14.669484139295406
212,7.445739746524694,7.386795043980772,7.341583273368965,[171.27316284 -48.87020493],[163.8274231  -48.87012482],[156.44062805 -48.87010193],[149.0990448  -48.87066269],14.658506393691562,14.626257896547228,14.604234696351318,14.63710785027273
213,7.449081421329188,7.38935852054326,7.338897726501801,[172.7383728  -48.87020493],[165.28929138 -48.87012482],[157.89993286 -48.87010193],[150.56103516 -48.87066269],14.646672249344652,14.612546920943991,14.584082604442044,14.605919839288132
214,7.452545166446176,7.392578125035432,7.337295553654917,[174.20239258 -48.87020493],[166.74984741 -48.87012482],[159.35726929 -48.87010193],[152.01997375 -48.87066269],14.635109902004787,14.599405288916927,14.565026284328523,14.575972558648491
215,7.456207275742898,7.3963012695942085,7.336807272406343,[175.6652832  -48.87020493],[168.20907593 -48.87013245],[160.81277466 -48.87010193],[153.47596741 -48.87066269],14.623816490884758,14.586794853493968,14.547075272756436,14.547341348709258
216,7.459976196641158,7.4005279541644855,7.337341326935014,[177.12705994 -48.87020493],[169.66708374 -48.87013245],[162.26655579 -48.87010193],[154.92921448 -48.87062073],14.612790108588474,14.574720383257937,14.530173302941273,14.520107271783788
217,7.46385192906285,7.405212402406633,7.338882464091105,[178.5877533  -48.87020493],[171.12390137 -48.87013245],[163.71868896 -48.87010193],[156.37980652 -48.8706131 ],14.602012635302708,14.563138962462082,14.514307977115887,14.49430751886945
218,7.4677734378517275,7.4103088379534645,7.341400164280312,[180.04737854 -48.87020493],[172.5796051  -48.87013245],[165.16929626 -48.87010193],[157.82789612 -48.8706131 ],14.59149170042532,14.552033425219099,14.499444009333361,14.469970704143055
219,7.471755981796853,7.415740966859668,7.344848650600082,[181.50596619 -48.87020493],[174.03421021 -48.87013245],[166.61846924 -48.87010193],[159.27362061 -48.8706131 ],14.581212998846828,14.54136467083255,14.485552789363371,14.447127343411545
220,7.475738525741978,7.421463012758058,7.349182146683343,[182.96353149 -48.87020493],[175.48779297 -48.87013245],[168.06632996 -48.87010193],[160.71714783 -48.8706131 ],14.57117271587241,14.531114579486845,14.472581865120414,14.425786019739178
221,7.479751587265227,7.427413940492382,7.3542633234288735,[184.42007446 -48.87020493],[176.94032288 -48.87013245],[169.51290894 -48.87010193],[162.15864563 -48.8706131 ],14.561366083133345,14.521275521789459,14.460494996980518,14.405945779560064
222,7.483749389788439,7.433563232484518,7.360107439361758,[185.87565613 -48.87017822],[178.39190674 -48.87013245],[170.95834351 -48.87010193],[163.59823608 -48.87060928],14.55179119328461,14.511796953006534,14.449254037969956,14.387590410408553
223,7.487762451311801,7.439910888988735,7.366607682707661,[187.33035278 -48.87017822],[179.84259033 -48.87013245],[172.40267944 -48.87006378],[165.03607178 -48.87055969],14.542437554489476,14.502665521701761,14.438800813958746,14.370697023855836
224,7.491699219263766,7.4463348389150665,7.373764054761774,[188.78407288 -48.87017822],[181.29237366 -48.87009048],[173.84603882 -48.87006378],[166.47227478 -48.87055969],14.533296586428184,14.493881227874942,14.4290962225106,14.355241776036753
225,7.495605469263499,7.452865600633775,7.381423966853844,[190.23690796 -48.87017822],[182.74130249 -48.87009048],[175.28843689 -48.87006378],[167.90701294 -48.87055969],14.524375916906964,14.48540496884966,14.420102120165042,14.341181755951771
226,7.499465942896046,7.459411621141545,7.3895721601948505,[191.68885803 -48.87017822],[184.18939209 -48.87009048],[176.72998047 -48.87006378],[169.34040833 -48.87055969],14.515662194746335,14.477210045659357,14.4117536550802,14.328474045736348
227,7.503295898950472,7.465957641649315,7.3981018232616025,[193.13996887 -48.87017822],[185.63667297 -48.87009048],[178.17071533 -48.87006378],[170.77261353 -48.87055969],14.507147790570972,14.46929454875852,14.40401363424465,14.317069054707266
228,7.50704956105959,7.472457885789899,7.406951920897993,[194.59022522 -48.87017822],[187.08317566 -48.87009048],[179.61071777 -48.87006378],[172.20376587 -48.87055969],14.49882793599425,14.461645127026687,14.396834373945826,14.30690002569296
229,7.510711670434341,7.478927612352358,7.416061417947914,[196.03965759 -48.87017822],[188.52894592 -48.87009048],[181.05001831 -48.87006378],[173.63395691 -48.87055969],14.490709306725545,14.454238892292295,14.390177727193393,14.297913552920992
230,7.5143432620324715,7.4852600098132545,7.425369279255254,[197.48829651 -48.87015915],[189.97395325 -48.87009048],[182.48869324 -48.87006378],[175.06332397 -48.87055969],14.482775690300901,14.447052956350346,14.383992195563287,14.290047647559186
231,7.5178680423057616,7.491500854539778,7.4348449847953875,[198.93614197 -48.87015915],[191.41827393 -48.87009048],[183.92677307 -48.87006378],[176.4919281  -48.87052155],14.475024224653023,14.440085411843508,14.378234863706002,14.283220293616077
232,7.521301269844681,7.497634887742864,7.44436646891877,[200.38322449 -48.87015915],[192.86192322 -48.87009048],[185.36428833 -48.87006378],[177.91992188 -48.87051773],14.467454911822868,14.433320046300546,14.372863769950825,14.277367592808968
233,7.524658203438292,7.503601074266263,7.453933729643193,[201.82955933 -48.87015915],[194.30490112 -48.87009048],[186.80130005 -48.87006378],[179.34736633 -48.87051773],14.460063935911895,14.426750183999946,14.367851257740758,14.272418977063767
234,7.527938843086592,7.509414672899039,7.463455214000558,[203.275177   -48.87015915],[195.74723816 -48.87009048],[188.23782349 -48.87006378],[180.77436829 -48.87051773],14.45284652875684,14.420357705128618,14.363161087451633,14.268299104177977
235,7.53111267121146,7.515029907274004,7.472900404412798,[204.720047   -48.87015915],[197.18893433 -48.87009048],[189.67390442 -48.87006378],[182.20100403 -48.87051773],14.445796014647936,14.414129258248014,14.358744621695509,14.264937402413503
236,7.534225464180081,7.520477295000242,7.482208266190539,[206.16424561 -48.87015915],[198.63002014 -48.87009048],[191.10954285 -48.87005615],[183.62733459 -48.87051773],14.438904764178643,14.408067704381084,14.354572296567568,14.262251855858212
237,7.537261963169606,7.525711059648624,7.491363538686013,[207.60777283 -48.87015533],[200.07051086 -48.87009048],[192.5447998  -48.87005615],[185.05343628 -48.87050247],14.432174684692376,14.402156831064246,14.350618362681297,14.26014900442015
238,7.540237427036684,7.530746460039197,7.5002746705902315,[209.05064392 -48.87015533],[201.51040649 -48.87009048],[193.97966003 -48.87005615],[186.47938538 -48.87048721],14.42560959065532,14.396392823601031,14.346849441798682,14.258566858312635
239,7.54312133791474,7.535598754961022,7.508972180341509,[210.49285889 -48.87010956],[202.94973755 -48.87009048],[195.41413879 -48.87005615],[187.90516663 -48.87048721],14.41919422372757,14.390770913622342,14.34323310877729,14.25745487373529
240,7.545898437524106,7.540283203203161,7.5173339967339965,[211.93443298 -48.87010956],[204.38853455 -48.87009048],[196.84825134 -48.87005615],[189.33091736 -48.87048721],14.412925720596318,14.38528442541022,14.339748382817445,14.256766321251993
241,7.548614501977222,7.544723510820302,7.52554322437759,[213.37538147 -48.87010956],[205.82676697 -48.87009048],[198.28204346 -48.87005615],[190.75650024 -48.87047195],14.406801224245772,14.379905702409234,14.336381912478044,14.256456377360811
242,7.551269531274088,7.548934936601508,7.5334472770999135,[214.81573486 -48.87010956],[207.26446533 -48.87009048],[199.7155304  -48.87005615],[192.18208313 -48.87047195],14.400818825128068,14.374648096063451,14.333116531618215,14.256470681927551
243,7.553878784203768,7.552978515721333,7.5409851190966215,[216.25550842 -48.87010956],[208.70162964 -48.87009048],[201.14865112 -48.87005234],[193.60766602 -48.87047195],14.394980430874712,14.369502069627714,14.329953193910628,14.256750108891355
244,7.5563659669133845,7.556838989273218,7.548065195972958,[217.69468689 -48.87010956],[210.13832092 -48.8700676 ],[202.58148193 -48.87005234],[195.03341675 -48.87044907],14.389278412088212,14.364463808404075,14.326865196403245,14.257232668380171
245,7.558807373185487,7.560501098641474,7.554794321940235,[219.13330078 -48.87010956],[211.57449341 -48.87006378],[204.01399231 -48.87005234],[196.459198   -48.87044907],14.383706093028248,14.359534264828804,14.323844909844901,14.257853509411872
246,7.561172485490131,7.563964843758657,7.56124878970478,[220.57136536 -48.87010956],[213.01019287 -48.87006378],[205.44622803 -48.87005234],[197.88497925 -48.87044907],14.378261566334727,14.354706765442447,14.320884704755187,14.25857162653795
247,7.563491821427588,7.5672302246180285,7.567245493798095,[222.00888062 -48.87010956],[214.44538879 -48.87006378],[206.87815857 -48.87005234],[199.31091309 -48.87044907],14.37294387833003,14.34998989224111,14.317962646639643,14.259355547004633
248,7.565765380997859,7.570343017586775,7.572891244959462,[223.44589233 -48.87010956],[215.88012695 -48.87006378],[208.30978394 -48.87005234],[200.7368927  -48.87043381],14.367743492268062,14.345382691573244,14.31506729140797,14.260160448374652
249,7.567962646622819,7.573287963875834,7.578216562335522,[224.88238525 -48.87010956],[217.31442261 -48.87006378],[209.74113464 -48.87005234],[202.16291809 -48.87043381],14.362658500799617,14.340879441439418,14.312198639058765,14.260942460762676
250,7.570083618302467,7.576049804696144,7.583129892407427,[226.31835938 -48.87010956],[218.74827576 -48.87006378],[211.17222595 -48.87005234],[203.58909607 -48.87043381],14.357677459832924,14.336479188154506,14.309349060196334,14.261696816777253
251,7.57215881361493,7.578704833993015,7.587722787909431,[227.75386047 -48.87010956],[220.18170166 -48.87006378],[212.60299683 -48.87005234],[205.01527405 -48.87043381],14.352784156904658,14.33217525598524,14.306514740125122,14.262382508892726
252,7.574172973771143,7.5811767578211375,7.591964731263449,[229.18885803 -48.87010956],[221.61468506 -48.87006378],[214.0335083  -48.87005234],[206.44154358 -48.87043381],14.347975730992646,14.327963830231655,14.303687095774347,14.26296520408649
253,7.576156616349231,7.583541870125822,7.595794687313304,[230.62339783 -48.87010956],[223.04724121 -48.87006378],[215.46369934 -48.87005234],[207.86790466 -48.87043381],14.343253135771551,14.32382679108095,14.300870895516617,14.263469698044947
254,7.578063964982009,7.585769653328945,7.5993805018049665,[232.05747986 -48.87010956],[224.47941589 -48.87006378],[216.89364624 -48.87005234],[209.29426575 -48.87041473],14.338623046961924,14.319761277505057,14.298070907722801,14.263843538738906
255,7.579925537297515,7.58789062500863,7.602630623690706,[233.49108887 -48.87011719],[225.91116333 -48.87006378],[218.32327271 -48.87005234],[210.72064209 -48.87041092],14.334095954980684,14.315774918903337,14.295266151557927,14.264041902300322
256,7.581741333195907,7.58985900879769,7.605651863921722,[234.92425537 -48.87011719],[227.34251404 -48.87006378],[219.75265503 -48.87005234],[212.14700317 -48.87041092],14.32968330403345,14.31186008587542,14.292458534370969,14.26410961339899
257,7.583511352727114,7.591735839852376,7.608352669052031,[236.35697937 -48.87011719],[228.77346802 -48.87006378],[221.18173218 -48.87005234],[213.57337952 -48.87039948],14.325384140215826,14.308015824754028,14.28965282453332,14.26403808809406
258,7.585220337102071,7.593536376961748,7.6107940752994905,[237.78929138 -48.87011719],[230.20407104 -48.87006378],[222.61053467 -48.87005234],[214.9997406  -48.87039948],14.321188926930732,14.304247857579366,14.286848068370844,14.263794900762363
259,7.5868988038989045,7.5952148437586215,7.612976081960172,[239.22119141 -48.87011719],[231.6342926  -48.87006378],[224.03907776 -48.87005234],[216.42610168 -48.87039566],14.317096710474273,14.300552369658318,14.284042358534865,14.263392450541062
260,7.588546753117614,7.596832275399245,7.614837653066797,[240.6526947  -48.87011719],[233.06414795 -48.87006378],[225.46731567 -48.87005234],[217.85247803 -48.87036896],14.313102722472241,14.296940805081407,14.281246185442988,14.262837412130809
261,7.591629028508162,7.5983428955164305,7.6166229313855665,[242.08528137 -48.87011719],[234.49365234 -48.87006378],[226.89530945 -48.87005234],[219.27868652 -48.87036896],14.349402428031448,14.293400766081604,14.278450966026238,14.262116433275114
262,7.600784301895659,7.600036621102366,7.618118292712399,[243.52380371 -48.87010956],[235.92301941 -48.87006378],[228.32298279 -48.87005234],[220.7048645  -48.87036896],14.409538269480745,14.29497051407236,14.275663376004692,14.261236192157176
263,7.613754272598548,7.6026306152429886,7.619491583726838,[244.96681213 -48.87010956],[237.35305786 -48.87006378],[229.75042725 -48.87005234],[222.13093567 -48.87036896],14.443232536631344,14.306467058024174,14.27352428451965,14.260263444406506
264,7.6282348634186,7.606826782235171,7.6208496159522285,[246.41282654 -48.87010956],[238.78459167 -48.87006378],[231.17776489 -48.87005234],[223.55691528 -48.87036896],14.477670669940855,14.32190323058356,14.273494720623178,14.259196282970674
265,7.64537048353548,7.612426757821102,7.622482306380507,[247.86302185 -48.87010956],[240.21765137 -48.87006378],[232.60522461 -48.87005234],[224.98274231 -48.87036896],14.521904945802747,14.338282587049326,14.276033401660994,14.258290292562647
266,7.664703369277322,7.6195526123132815,7.624557501691218,[249.31733704 -48.87010956],[241.65263367 -48.87006378],[234.03308105 -48.87005234],[226.40852356 -48.87036896],14.558574676993324,14.360731126872361,14.280573845090423,14.258008958887933
267,7.684768676943386,7.628707885743141,7.627197271428826,[250.77497864 -48.87010956],[243.09020996 -48.87005615],[235.46150208 -48.87005234],[227.83430481 -48.87034988],14.591584206168537,14.387851717176034,14.28777408618973,14.25852108229778
268,7.70555114764601,7.639678955079077,7.630584722598124,[252.23606873 -48.87010956],[244.53051758 -48.87005615],[236.89083862 -48.87005234],[229.26025391 -48.87034988],14.627168656009221,14.415797235341842,14.298573494159898,14.260025025948849
269,7.726943969911123,7.652297973633764,7.635086065368142,[253.70068359 -48.87010956],[245.97373962 -48.87005615],[238.32144165 -48.87005234],[230.68635559 -48.87034988],14.660625458458108,14.44641971775253,14.312452316499092,14.26231670482626
270,7.748199463025848,7.666625976571042,7.6407928524731865,[255.16842651 -48.87010956],[247.42022705 -48.87006378],[239.75360107 -48.87005234],[232.11280823 -48.87034988],14.69137859422769,14.480237962716625,14.329224586715663,14.266707421598946
271,7.769119263033398,7.682556152358903,7.647750860280415,[256.63928223 -48.87010956],[248.87016296 -48.87003708],[241.18760681 -48.87005234],[233.53985596 -48.87034988],14.721978188441486,14.514948847311388,14.34948253656133,14.273890496642123
272,7.789505005220012,7.6997680664213695,7.656097417891293,[258.11309814 -48.87010956],[250.32359314 -48.87003708],[242.62382507 -48.87005234],[234.96772766 -48.87034988],14.751566887888693,14.550567628012658,14.373039245868512,14.283013345315721
273,7.80912780795354,7.718109130882943,7.665954595471119,[259.58981323 -48.87010956],[251.78068542 -48.87003708],[244.06257629 -48.87005615],[236.3966217  -48.87034988],14.779455186038435,14.587655068638384,14.39939498929593,14.294505121069855
274,7.827728271819929,7.737442016625072,7.677246099369092,[261.06924438 -48.87010956],[253.24151611 -48.87003708],[245.5040741  -48.87005615],[237.826828   -48.87034988],14.80645752075834,14.625185967592017,14.428651810087665,14.308942796853165
275,7.845230102873868,7.757400512718761,7.6900787401210975,[262.55133057 -48.87010956],[254.70610046 -48.87003708],[246.94869995 -48.87005615],[239.25862122 -48.870327  ],14.83258342879193,14.662698746751952,14.460711479607857,14.325315477865402
276,7.861511230802861,7.777816772484324,7.704513554300862,[264.03598022 -48.87010956],[256.17446899 -48.87003708],[248.39665222 -48.87005615],[240.69213867 -48.87031937],14.857532502732624,14.700405121834777,14.495086670392888,14.344911576807675
277,7.8764953616616005,7.798400878929575,7.72026062460419,[265.52304077 -48.87010956],[257.64654541 -48.87003708],[249.84814453 -48.87005615],[242.12788391 -48.87031937],14.881508828883316,14.737924576771096,14.531564713048345,14.367837906777641
278,7.890075683926652,7.819000244163889,7.737319950766173,[267.01248169 -48.87010956],[259.12240601 -48.87003708],[251.30340576 -48.87005615],[243.56608582 -48.87031937],14.904632570208607,14.774858475688072,14.569979668242112,14.393733025689109
279,7.90228271507946,7.839279174827891,7.75553894489628,[268.50415039 -48.87009811],[260.60186768 -48.87003708],[252.7625885  -48.87005615],[245.00704956 -48.87031937],14.926815988672173,14.811196328163174,14.609933853787322,14.42334461326847
280,7.913055420157264,7.859130859420364,7.7746887249041645,[269.99801636 -48.87009811],[262.08496094 -48.87003708],[254.22583008 -48.87006378],[246.45114136 -48.87031937],14.94811344307417,14.84679699039482,14.651092530000334,14.455814362846027
281,7.922424316641361,7.878280639693691,7.794662479776211,[271.49398804 -48.87009811],[263.57156372 -48.87003708],[255.69328308 -48.87006378],[247.89862061 -48.87031937],14.968602182277499,14.8814172754306,14.693229676366137,14.49075126795655
282,7.9304199221098735,7.896575927779524,7.815155033729395,[272.99194336 -48.87009811],[265.06152344 -48.87003708],[257.16494751 -48.87006378],[249.34979248 -48.870327  ],14.988284112898059,14.91498088932679,14.736027718756706,14.52843761618544
283,7.937011718984678,7.91394042973255,7.836029056902529,[274.49185181 -48.87009811],[266.55484009 -48.87003708],[258.64089966 -48.87006378],[250.80487061 -48.87031937],15.007178308554495,14.947432518971475,14.779164315612174,14.567810060645797
284,7.942260742195745,7.930084228560583,7.85729980884437,[275.99356079 -48.87004852],[268.05130005 -48.87003708],[260.12121582 -48.87006378],[252.26391602 -48.87031937],15.025332452972908,14.97864818670333,14.822402001954652,14.609542848699004
285,7.9462585449301155,7.945007324263623,7.8784637480133615,[277.49707031 -48.87004852],[269.55081177 -48.87003708],[261.60580444 -48.87006378],[253.7273407 -48.8702774],15.04277229334457,15.00856876471409,14.865462304880227,14.65415859469762
286,7.949005126961363,7.958526611372922,7.899459841653425,[279.0022583  -48.87004852],[271.05325317 -48.87003708],[263.09472656 -48.87006378],[255.19526672 -48.87027359],15.05951023132765,15.037172318493871,14.908073427212841,14.700073242919517
287,7.95062255859741,7.970642089847401,7.919952396341067,[280.50909424 -48.87004471],[272.55847168 -48.87003708],[264.58782959 -48.87002945],[256.6678772  -48.87027359],15.075584411792775,15.06441974739748,14.950016977535544,14.747063637650749
288,7.95117187500366,7.981262207034897,7.939880374847248,[282.01751709 -48.87004471],[274.06634521 -48.87003708],[266.08508301 -48.87002945],[258.14520264 -48.87027359],15.091017723131602,15.090293885286037,14.991072655437305,14.795423508558995
289,7.950653076175535,7.990295410159892,7.959014896322599,[283.52740479 -48.87004471],[275.57675171 -48.87003708],[267.5864563  -48.87002945],[259.62744141 -48.87027359],15.105832099933206,15.114796639508706,15.031042099846717,14.844512940342494
290,7.949279785159911,7.997772216800514,7.977142337720339,[285.03878784 -48.87004471],[277.08950806 -48.87003708],[269.09173584 -48.87002945],[261.11459351 -48.87027359],15.12004947662692,15.137930871088763,15.069746971870694,14.893896103888629
291,7.947052001956787,8.003723144534886,7.994049075993688,[286.55154419 -48.87004471],[278.60449219 -48.87003708],[270.60076904 -48.87002945],[262.60671997 -48.87027359],15.133693695068434,15.15971565351116,15.107035637569036,14.943491936864907
292,7.944030761722414,8.008117675784884,8.009674075986416,[288.06561279 -48.87004471],[280.12158203 -48.87003708],[272.11346436 -48.87002945],[264.10379028 -48.87027359],15.146786689762905,15.180182458030647,15.142774582542351,14.992956162830575
293,7.9403686523474155,8.011016845706758,8.023864749807961,[289.58099365 -48.87004471],[281.640625   -48.87003708],[273.62960815 -48.87002945],[265.60574341 -48.87027359],15.159342765823462,15.199356080177266,15.176858902600204,15.041895867963332
294,7.936004638675542,8.012481689456758,8.036529544723983,[291.09759521 -48.87004471],[283.16159058 -48.87003708],[275.14910889 -48.87002945],[267.11257935 -48.87027359],15.171396255524769,15.217276574272997,15.209202767040845,15.090099336563984
295,7.93115234375367,8.012512207034883,8.047515871875602,[292.61538696 -48.87004471],[284.68423462 -48.87003708],[276.67172241 -48.87002945],[268.62420654 -48.87023926],15.182946205192486,15.23399257770749,15.239732742935592,15.13731861331441
296,7.925811767581797,8.011199951175508,8.056793215622452,[294.13427734 -48.87004471],[286.20846558 -48.87003708],[278.19726562 -48.87002945],[270.14047241 -48.87023926],15.194027900775247,15.249537469083538,15.26840686861271,15.183258057454877
297,7.920074462894299,8.00863647461301,8.064331057416775,[295.65429688 -48.87004471],[287.73422241 -48.87003708],[279.72558594 -48.87002945],[271.66125488 -48.87023926],15.204657554737182,15.263974190905587,15.29519176546957,15.227697373479074
298,7.913909912113053,8.004882812503636,8.070129397258563,[297.17529297 -48.87004471],[289.26138306 -48.87003708],[281.25650024 -48.87002945],[273.18637085 -48.87023926],15.214831352380507,15.277349473213341,15.320078850437818,15.27045154673424
299,7.907531738284931,8.000000000003638,8.074127199991588,[298.69732666 -48.87004471],[290.78979492 -48.87003708],[282.78979492 -48.87002945],[274.71566772 -48.87023926],15.224589348026269,15.289713860746406,15.343070984539246,15.311318398561028
300,7.900878906253683,7.994140625003641,8.076385500772076,[300.22027588 -48.87004471],[292.31939697 -48.87003708],[284.32525635 -48.87002945],[276.24887085 -48.87023926],15.233945846788565,15.301123620292831,15.36418438023755,15.350138665367847
301,7.894073486331812,7.987365722659893,8.07681274686568,[301.74417114 -48.87004471],[293.85009766 -48.87003708],[285.86273193 -48.87002945],[277.78591919 -48.87023926],15.24289798764519,15.311629296586474,15.38344955511128,15.386784554777211
302,7.887115478519315,7.979797363284897,8.075531008584864,[303.26895142 -48.87004471],[295.38183594 -48.87003708],[287.40203857 -48.87002945],[279.32650757 -48.87023926],15.25147628817291,15.321291924786125,15.400916100224379,15.421134950141228
303,7.880096435550568,7.971435546878651,8.072631838663968,[304.79455566 -48.87004471],[296.91445923 -48.87003708],[288.94302368 -48.87002945],[280.87039185 -48.87023926],15.259696960835418,15.330163003306225,15.416640282360623,15.453094484023334
304,7.873016357425572,7.962463378909905,8.068115237102994,[306.32095337 -48.87004471],[298.44793701 -48.87003708],[290.48547363 -48.87002945],[282.4173584  -48.87023926],15.267562866655279,15.33828449381369,15.431070328450334,15.48261547270713
305,7.865936279300575,7.952880859378659,8.062164308634207,[307.84811401 -48.87004471],[299.98217773 -48.87003708],[292.02929688 -48.87002945],[283.96713257 -48.87020874],15.275083542375576,15.34572506086195,15.443703652128923,15.509700777216224
306,7.858947753909954,7.942810058597414,8.054779054729785,[309.3760376  -48.87004471],[301.51708984 -48.87003708],[293.57427979 -48.87002945],[285.51950073 -48.87020874],15.282288551899896,15.352526666119259,15.454298020118724,15.534321785824124
307,7.851959228519331,7.932434082034919,8.0460510273882,[310.90463257 -48.87004471],[303.05267334 -48.87003708],[295.12023926 -48.87002945],[287.07418823 -48.87020874],15.289182663599057,15.35873508595302,15.463624001268387,15.556377411902421
308,7.84503173828125,7.9218139648474235,8.036132814500041,[312.43389893 -48.87003708],[304.58886719 -48.87003708],[296.66705322 -48.87002945],[288.63092041 -48.87020874],15.29577350686778,15.364393235710367,15.471707344784111,15.575915337562478
309,7.83819580078125,7.910980224613054,8.025146486377778,[313.96380615 -48.87003708],[306.12561035 -48.87003708],[298.21463013 -48.87002945],[290.18948364 -48.87020874],15.30206871139322,15.369546891755416,15.478346825385112,15.59362983796358
310,7.83154296875,7.900054931644309,8.013031007865182,[315.49435425 -48.87003708],[307.66281128 -48.87003708],[299.76275635 -48.87002945],[291.74972534 -48.87020874],15.308090211114795,15.374238015758127,15.483809471881314,15.608699799543832
311,7.825042724609375,7.8890686035193145,8.00015258989966,[317.0255127  -48.87003708],[309.20046997 -48.87003708],[301.31140137 -48.87002945],[293.31124878 -48.87020874],15.313844682097937,15.378512384088303,15.488244057463874,15.620659829214555
312,7.818634033203125,7.878143310550569,7.9865722676374515,[318.55718994 -48.87003708],[310.73855591 -48.87003708],[302.8604126  -48.87002945],[294.87384033 -48.87020874],15.319338799991593,15.38239956064685,15.49163341599581,15.630711556601529
313,7.81243896484375,7.867248535159949,7.972351076234792,[320.0894165  -48.87003708],[312.27697754 -48.87003708],[304.409729   -48.87002945],[296.43737793 -48.87020874],15.324584962556447,15.385930063014767,15.494085312675768,15.638841630261023
314,7.806396484375,7.856506347659955,7.957672121160385,[321.62216187 -48.87003708],[313.81576538 -48.87003708],[305.95925903 -48.87002945],[298.00158691 -48.87020874],15.329592706538719,15.389141084488424,15.49573230823465,15.644672395162578
315,7.800537109375,7.845977783206834,7.942535402414235,[323.15536499 -48.87003708],[315.35482788 -48.87003708],[307.5088501  -48.87002945],[299.5663147  -48.87020874],15.334360124594419,15.392059327950996,15.496621132711647,15.648646356186022
316,7.794860839937093,7.835723876956839,7.927185060621278,[324.6890564  -48.87007523],[316.89419556 -48.87003708],[309.05847168 -48.87002945],[301.13128662 -48.87020874],15.33891296592933,15.39470291321235,15.496824265356047,15.65097618270769
317,7.789428711030908,7.825683593753719,7.911621095781516,[326.22320557 -48.87007523],[318.43377686 -48.87003708],[310.60809326 -48.87002945],[302.69647217 -48.87020874],15.34325504355163,15.39711284826894,15.496452332389662,15.651582719759702
318,7.784149170192007,7.815917968758378,7.896087647678592,[327.75775146 -48.87008286],[319.97360229 -48.87001801],[312.15768433 -48.87002945],[304.26159668 -48.87016678],15.347388268097752,15.399311067630878,15.495562554269517,15.650637628720261
319,7.779083252223433,7.806488037117763,7.880584717993441,[329.29272461 -48.87008286],[321.51364136 -48.87001801],[313.70715332 -48.87002945],[305.8265686  -48.87016678],15.351326942691124,15.40131473649371,15.494216919827332,15.64836883591165
320,7.77416992214548,7.797393798836523,7.8652954113551425,[330.82806396 -48.87008286],[323.05389404 -48.87001801],[315.25650024 -48.87002945],[307.39120483 -48.87016678],15.355074882668061,15.403138161822302,15.492488861984992,15.644842148373783
321,7.769470215114393,7.7886657714927825,7.850158692607454,[332.36376953 -48.87008286],[324.59429932 -48.87001801],[316.80563354 -48.87002945],[308.95547485 -48.87016678],15.358639717192574,15.404803277061603,15.490440369575248,15.640170097761562
322,7.76495361355205,7.780334472664666,7.835388184797218,[333.89984131 -48.87008286],[326.1348877  -48.87001801],[318.35455322 -48.87002945],[310.51916504 -48.87016678],15.362025260973365,15.406326294853406,15.488125802030137,15.634534836138837
323,7.7606811526146995,7.772277832039675,7.820983887924434,[335.43621826 -48.87008286],[327.67553711 -48.87001801],[319.90325928 -48.87002945],[312.08227539 -48.87016678],15.365235328696244,15.407725335014762,15.485600472464043,15.62831974057461
324,7.75650024441172,7.764770507820933,7.806915284410983,[336.97293091 -48.87008286],[329.21643066 -48.87001801],[321.45166016 -48.87002945],[313.64474487 -48.87016678],15.368288993842148,15.40900230488158,15.48291111091753,15.621648788713582
325,7.7525024416774855,7.757659912117816,7.793304444569342,[338.50994873 -48.87008286],[330.75744629 -48.87001801],[322.99978638 -48.87002945],[315.20648193 -48.87016678],15.371187210083285,15.410174370581576,15.480107308454393,15.61381530787628
326,7.748748779568242,7.750823974617823,7.780212403555753,[340.04721069 -48.87008286],[332.29846191 -48.87001801],[324.54763794 -48.87002945],[316.76742554 -48.87016678],15.373929977419358,15.411250115179776,15.477227212046888,15.605087280537267
327,7.745147705349618,7.7443542480553305,7.767791749260816,[341.5847168  -48.87008286],[333.83956909 -48.87001801],[326.09521484 -48.87002945],[318.3274231  -48.87016678],15.376528739942689,15.412238121743465,15.474297524576528,15.59626579312191
328,7.741577148709118,7.738494873055337,7.755920411372049,[343.12255859 -48.87008286],[335.38098145 -48.87001801],[327.64248657 -48.87002945],[319.88656616 -48.87016678],15.378993034396883,15.41315555640911,15.471344948923484,15.58715152769507
329,7.7382202151154855,7.732910156258468,7.744689942623812,[344.6605835  -48.87008286],[336.92236328 -48.87001801],[329.18945312 -48.87002945],[321.44476318 -48.87016678],15.381319046085707,15.41399097508493,15.468419076153998,15.57768058807924
330,7.7350769045687215,7.727661132820974,7.734100343016104,[346.19885254 -48.87008286],[338.46377563 -48.87001801],[330.7361145  -48.87002945],[323.00201416 -48.87016678],15.383511543381378,15.414755821862132,15.465540887103371,15.568189621307752
331,7.728363037381458,7.722625732430354,7.724273682861405,[347.73355103 -48.87008286],[340.00518799 -48.87001801],[332.28256226 -48.87002945],[324.55828857 -48.87016678],15.280220985571303,15.415467262879387,15.462709428092749,15.558718681702876
332,7.700561523710565,7.71755981446161,7.714996339112873,[349.24679565 -48.87008286],[341.54623413 -48.87001801],[333.82867432 -48.87002945],[326.11367798 -48.87016678],14.99553298970466,15.402555466285332,15.459944726289953,15.549242020058047
333,7.643005371368871,7.709442138680369,7.706390382082988,[350.72689819 -48.87008286],[343.08389282 -48.87001801],[335.37445068 -48.87002945],[327.6680603  -48.87016678],14.63734912894715,15.348311424815362,15.455524445874486,15.539891243428897
334,7.556152344028283,7.6940612793053855,7.697845460209346,[352.1696167  -48.87008286],[344.61346436 -48.87001801],[336.91940308 -48.87002945],[329.22155762 -48.87016678],14.254430771096184,15.246021271273854,15.443537713433273,15.53051090290391
335,7.443084717079386,7.66815185547729,7.688415528570224,[353.57369995 -48.87008286],[346.13061523 -48.87001801],[338.46246338 -48.87002945],[330.77404785 -48.87016678],13.868067741599903,15.105632782455078,15.417325974887389,15.520045281015262
336,7.3078002932564905,7.6298217773523325,7.676513673103376,[354.93951416 -48.87008286],[347.63171387 -48.87001801],[340.00189209 -48.87002945],[332.32537842 -48.87016678],13.487507820314256,14.927809715682294,15.373827935674937,15.506530762345825
337,7.154846191700142,7.576995849618018,7.660766602793401,[356.26776123 -48.87008286],[349.11291504 -48.87001801],[341.53591919 -48.87002945],[333.87515259 -48.87016678],13.11662960068882,14.713227272376736,15.310417176727938,15.490292549832366
338,6.988586426082134,7.508605957039971,7.639495850843702,[357.55957031 -48.87008286],[350.57098389 -48.87001801],[343.06237793 -48.87002945],[335.42288208 -48.87016678],12.756922722009701,14.46861457851774,15.223224641341023,15.465764046501018
339,6.81292724643977,7.424407959000055,7.611114503192056,[358.81607056 -48.87008286],[352.00314331 -48.87001419],[344.57873535 -48.87002945],[336.96762085 -48.87016678],12.408810615673417,14.19844341298178,15.110271455303003,15.431801796833856
340,6.631378174183618,7.324676513687769,7.573913575463766,[360.0383606  -48.87008286],[353.40698242 -48.87001419],[346.08230591 -48.87002945],[338.50839233 -48.87016678],12.072263717776323,13.905329704371288,14.97113704824325,15.385057450317387
341,6.447204590209399,7.209869384781772,7.527069093049639,[361.2276001  -48.87008286],[354.78039551 -48.87001419],[347.57052612 -48.87002945],[340.04345703 -48.87016678],11.747066497922093,13.593471527146164,14.805026055776873,15.319994927534786
342,6.263122559013129,7.08129882814144,7.469543458293662,[362.38504028 -48.87008667],[356.12191772 -48.87001419],[349.0406189  -48.87002945],[341.57107544 -48.87016678],11.432957649342194,13.266824722304124,14.611713410766894,15.23864364743241
343,6.081481934341507,6.940216064469899,7.40023803838361,[363.51156616 -48.87010956],[357.43008423 -48.87001419],[350.48986816 -48.87002945],[343.08963013 -48.87016678],11.130580902105736,12.928280830383843,14.392116547906877,15.139373780600154
344,5.904876710020651,6.788055419939025,7.318634034491568,[364.60870361 -48.87012482],[358.7038269  -48.87001419],[351.91577148 -48.87002945],[344.59713745 -48.87016678],10.843358993799162,12.580939292912612,14.147323609593737,15.018412591441653
345,5.73486328224468,6.626800537126942,7.2242736829458964,[365.67752075 -48.870121  ],[359.94265747 -48.87001419],[353.31585693 -48.87002945],[346.09158325 -48.87016678],10.562780381813626,12.228302001978623,13.878576279791167,14.882831575001944
346,5.572814942096921,6.4580383300961515,7.116546632184406,[366.71875    -48.87010193],[361.14593506 -48.87001419],[354.68789673 -48.87002945],[347.5713501  -48.87016678],10.288051607822478,11.872409820616536,13.587729455046592,14.721309663487288
347,5.419158935981889,6.283966064471651,6.996673585332107,[367.73275757 -48.87008286],[362.31359863 -48.87001419],[356.02963257 -48.87002945],[349.03295898 -48.87016678],10.020095827597515,11.513916969374774,13.276842118210883,14.526301385690301
348,5.2742004396517785,6.106811523467286,6.865539552154724,[368.72036743 -48.87005615],[363.44616699 -48.87001038],[357.33935547 -48.87002945],[350.47381592 -48.87016678],9.759139063004591,11.166152954107414,12.947785378298567,14.310394288912077
349,5.138122558735358,5.928924560577555,6.7232666029650385,[369.68234253 -48.87004852],[364.54421997 -48.87001038],[358.61529541 -48.87002945],[351.89202881 -48.87016678],9.505109787475748,10.814502716353195,12.60385704109869,14.07291126438677
350,5.012451172020158,5.750549316437882,6.571166993622502,[370.61920166 -48.87004852],[365.60675049 -48.87001038],[359.85620117 -48.87002945],[353.28503418 -48.87016678],9.257816315248574,10.458840370704701,12.247149468063038,13.809315683392596
351,4.89764404311731,5.573364257845137,6.4103698745178725,[371.53170776 -48.87004852],[366.63406372 -48.87001038],[361.06069946 -48.87002945],[354.65032959 -48.87016678],9.017022133617031,10.109335900055129,11.877909660840823,13.523288728788216
352,4.79357910174616,5.399078369174315,6.241729737838867,[372.42037964 -48.87005234],[367.62680054 -48.87001038],[362.22772217 -48.87002945],[355.98599243 -48.87016678],8.782476425991796,9.765531540757536,11.498111725300989,13.216775896180387
353,4.762451284905963,5.1973571906361675,6.067657472257207,[373.31726074 -48.87070084],[368.55480957 -48.86966324],[363.35745239 -48.87002945],[357.28979492 -48.87016678],9.000582890151831,8.98791878594295,11.124521255997898,12.888999941000241
354,4.76358064406265,4.989532575440068,5.890258790846205,[374.20315552 -48.87075043],[369.4395752  -48.86899948],[364.45004272 -48.87002182],[358.55978394 -48.87016678],8.743683370786616,8.743299791741878,10.751161575600372,12.543253900664073
355,4.76251295136013,4.800751120466811,5.70944214051207,[375.06710815 -48.87075424],[370.30459595 -48.86809158],[365.50384521 -48.87002182],[359.79440308 -48.87016678],8.551055934550394,8.553258092265393,10.344017028886865,12.182971956387735
356,4.76342913329987,4.761597836268374,5.438171391697232,[375.95529175 -48.87026596],[371.19186401 -48.8666153 ],[366.43026733 -48.86993408],[360.99209595 -48.87016678],8.87693382863862,8.873457339123743,8.870061874979188,11.804974557999675
357,4.765504120114511,4.762026555844164,5.153472907507787,[376.82885742 -48.86825943],[372.06335449 -48.86489105],[367.30133057 -48.86989594],[362.14785767 -48.87016678],8.621150762862271,8.564817877125726,8.565567388508917,11.333261491974147
358,4.772125400267719,4.76248527983785,4.88671877918293,[377.67779541 -48.86500549],[372.90567017 -48.86378479],[368.14318848 -48.86963272],[363.25646973 -48.87016678],8.383549017156419,8.301867033850717,8.297084083669624,10.882463457676307
359,4.762359621585113,4.769811106398637,4.771423358632079,[378.52825928 -48.86240005],[373.76589966 -48.86255264],[368.99609375 -48.86959457],[364.22467041 -48.87001801],8.86659746974028,8.858466555054951,8.590733539400864,8.513262500683746
360,4.765350451461083,4.7934352276671355,4.777893074300643,[379.40014648 -48.86128616],[374.63479614 -48.86026382],[369.84136963 -48.86940384],[365.06347656 -48.8696785 ],8.597226231447527,8.511768561664983,8.285840089392664,8.30112222781008
361,4.779113778557851,4.813762551824593,4.76855474085641,[380.24630737 -48.85858917],[375.4671936  -48.85829544],[370.65344238 -48.86874008],[365.8848877  -48.86945343],8.351918901716596,8.192173221853647,7.995529074338548,8.111684929987621
362,4.790374845547142,4.832227255442733,4.764282387871796,[381.06890869 -48.85596466],[376.27853394 -48.85689163],[371.44631958 -48.86805725],[366.68203735 -48.86929703],8.123724597023278,8.033651642375478,7.85981163350414,7.871496255428243
363,4.7977298789435725,4.845655594736941,4.764801322367448,[381.86929321 -48.85414505],[377.07156372 -48.85607147],[372.22592163 -48.86751175],[367.46112061 -48.86919403],7.906286747860295,7.812413296342127,7.712735230267769,7.7245965190061
364,4.808472402189677,4.8520336610182255,4.759888110236812,[382.64837646 -48.85310364],[377.83990479 -48.85573959],[372.98788452 -48.86714172],[368.22799683 -48.86912918],7.696628113179737,7.561207362515399,7.521665932882905,7.603013041645032
365,4.823090601637711,4.846173655023422,4.763611337840008,[383.40682983 -48.85269547],[378.58374023 -48.85580444],[373.73757935 -48.8669281 ],[368.97396851 -48.86910629],7.493243772482666,7.320613462719367,7.3905663490324764,7.389391948485535
366,4.841218231477707,4.8362546483602165,4.763763901594695,[384.14535522 -48.8527565 ],[379.30413818 -48.85615158],[374.46789551 -48.86691284],[369.70413208 -48.86903763],7.295301480600673,7.088840025767327,7.212927820488782,7.2131162073101995
367,4.862763725879111,4.82108623869627,4.763580784308232,[384.86428833 -48.85316849],[380.00152588 -48.85668945],[375.18045044 -48.86689377],[370.41687012 -48.86899185],7.102302841495553,6.860775866514329,7.036152366299732,7.03652146035345
368,4.887635548313882,4.801340007390818,4.763550253389497,[385.56411743 -48.85383606],[380.67648315 -48.85736084],[375.87515259 -48.86688232],[371.11160278 -48.86894989],6.913905163524208,6.6394702077466095,6.853916648045991,6.854163198681521
369,4.915498033146633,4.778633479940912,4.763397647484491,[386.24533081 -48.85469055],[381.32983398 -48.85813522],[376.5512085  -48.86687469],[371.78781128 -48.8689003 ],6.729869204859284,6.426435017370465,6.665096283760078,6.667067082012869
370,4.940705397216172,4.762000191333,4.763428134790134,[386.90838623 -48.85564804],[381.96768188 -48.85887146],[377.20568848 -48.86690903],[372.44226074 -48.86886215],6.550004090735948,6.492967943602539,6.482667957319637,6.194225857889556
371,4.949311231871244,4.76398258752132,4.782440531707253,[387.55374146 -48.85668182],[382.60443115 -48.85971451],[377.8404541  -48.86697769],[373.05801392 -48.8687973 ],6.374146447527547,6.220220628505405,6.222109821636829,6.127644555427126
372,4.967713221820951,4.763706682934538,4.777435629214925,[388.18164062 -48.85774612],[383.21392822 -48.86059952],[378.45022583 -48.86699295],[373.67279053 -48.86875916],6.202156941806065,5.9836607422157995,5.984498050847731,6.134051799885113
373,4.989411171133859,4.76404114819215,4.757690739371661,[388.79257202 -48.85884094],[383.80316162 -48.86161423],[379.03912354 -48.86701584],[374.28143311 -48.86873245],6.033914160841558,5.793737899160618,5.786822351635382,6.0120739956125
374,5.001618146491899,4.764253810300486,4.7722476259431,[389.38687134 -48.85991669],[384.38525391 -48.86259079],[379.6210022  -48.86706543],[374.84875488 -48.86878967],5.869313085586016,5.710813662499794,5.707411123771637,5.595040806751303
375,5.020355902669003,4.764497239465654,4.779632826757923,[389.96487427 -48.86099625],[384.94451904 -48.8636055 ],[380.18002319 -48.86724472],[375.40039062 -48.86881638],5.7082572339666084,5.466535491255071,5.462394031939422,5.430136726224849
376,5.047211357986781,4.764893376328457,4.780121078756665,[390.52697754 -48.86203384],[385.47976685 -48.86462402],[380.71487427 -48.86738205],[375.93475342 -48.86886215],5.550650996462611,5.243938637905546,5.236188625995258,5.246707013686322
377,5.078339260458742,4.76620522949031,4.778778284609798,[391.07345581 -48.86303711],[385.99511719 -48.86558151],[381.22891235 -48.86752319],[376.45013428 -48.86893463],5.39643701818442,5.055142495330895,5.035849834948033,5.058526570247855
378,5.108032824680012,4.767181551798102,4.77685565427349,[391.60482788 -48.86400223],[386.49679565 -48.86647415],[381.72961426 -48.86769104],[376.95275879 -48.86902237],5.245548408882582,5.022695745548191,4.985065311724627,4.978013581655859
379,5.129852852518784,4.771728549024338,4.767669832060068,[392.12124634 -48.86492157],[386.99139404 -48.86731339],[382.21966553 -48.86787796],[377.45199585 -48.86909103],5.097927998964649,4.875853382933747,4.811622943877925,4.963709407163608
380,5.154205924207813,4.773620607444115,4.763397383138613,[392.62530518 -48.8656044 ],[387.47109985 -48.8680954 ],[382.69747925 -48.86795807],[377.93408203 -48.86921692],5.056712069482,4.735652940485445,4.7267819056323805,4.72037508474485
381,5.19030816653317,4.7760315366276105,4.763549939419992,[393.12710571 -48.86642838],[387.9367981  -48.86881638],[383.1607666  -48.86817932],[378.3972168  -48.86931229],5.040914356899768,4.589945583085775,4.56366077319269,4.565569020060766
382,5.238037374642749,4.777618538944767,4.763366810572197,[393.62600708 -48.86782455],[388.38796997 -48.86949158],[383.61035156 -48.86837387],[378.84698486 -48.86940384],4.992628952516586,4.452575345515161,4.434169231199456,4.434307260272191
383,5.296997231915218,4.782226810826308,4.763366792408908,[394.12350464 -48.86880112],[388.82650757 -48.87010956],[384.04428101 -48.86856842],[379.28091431 -48.86951065],4.953439858747827,4.3339710581607624,4.259033670292477,4.258872189933651
384,5.36151132505125,4.792267232900056,4.763427808304188,[394.61535645 -48.8696785 ],[389.25384521 -48.87068558],[384.46157837 -48.86875916],[379.69815063 -48.86959839],4.888602855330744,4.226115746516678,4.1037125699414085,4.1046000909976605
385,5.429504441894955,4.807465135415868,4.76348882761227,[395.10025024 -48.87049866],[389.67074585 -48.87121582],[384.86328125 -48.86894608],[380.09979248 -48.86968994],4.817677283943585,4.125320019082149,3.9430306216072704,3.9439648701143675
386,5.500122089361857,4.829071731411662,4.7635803669287275,[395.578125   -48.87125015],[390.07800293 -48.87170792],[385.24893188 -48.869133  ],[380.48535156 -48.86978531],4.746650014898405,4.034425877976232,3.785981461524896,3.785076760131467
387,5.572204594236324,4.857758397446474,4.763732942269093,[396.0489502  -48.87194061],[390.47674561 -48.87216187],[385.61898804 -48.86932373],[380.85525513 -48.86987686],4.677337112623305,3.9517815254376885,3.6314988401128603,3.6283627956082047
388,5.645385742188789,4.8939523746688876,4.763885520408306,[396.51296997 -48.87257385],[390.86758423 -48.87257767],[385.97363281 -48.86951447],[381.20974731 -48.86997604],4.610248254269269,3.875950741849072,3.4797470542099065,3.473527810210141
389,5.719268802268108,4.938202968829859,4.7638855118309005,[396.97045898 -48.87314987],[391.25119019 -48.87295151],[386.31298828 -48.86970901],[381.54910278 -48.87007141],4.545489303254534,3.807231787753124,3.3285367251510514,3.323166964747633
390,5.793212901025481,4.990510193248489,4.764648443951876,[397.42153931 -48.87365723],[391.62832642 -48.87331009],[386.63781738 -48.86990738],[381.87316895 -48.87015533],4.483060743425027,3.745092279789524,3.188235502647859,3.170506319189447
391,5.867004414849846,5.050263713370944,4.7670593286139535,[397.86651611 -48.87411499],[391.99951172 -48.87362671],[386.94924927 -48.87005615],[382.18218994 -48.87020874],4.42228073555776,3.6888064034813435,3.0598367848371533,3.0207229373783266
392,5.9401855790205,5.116914179702725,4.772186279554543,[398.30557251 -48.87452698],[392.36538696 -48.873909  ],[387.24847412 -48.87020874],[382.47628784 -48.87025833],4.363520639721317,3.638013767501948,2.9418431881704556,2.8717244415361765
393,6.012390177689947,5.190003846129254,4.780792236585328,[398.73883057 -48.87488174],[392.72644043 -48.87417984],[387.53643799 -48.87036133],[382.75564575 -48.87031174],4.306714679981071,3.592281823151532,2.8352624069514207,2.7267699929091056
394,6.0832825224493705,5.268708720621723,4.793762209222948,[399.16644287 -48.87520218],[393.0831604  -48.87440872],[387.81445312 -48.87050629],[383.02069092 -48.87036133],4.251766086140207,3.549995044543789,2.7402828395957273,2.583441793137694
395,6.152832090056432,5.352387956252578,4.811828618907768,[399.5887146  -48.87547684],[393.43588257 -48.87462616],[388.08349609 -48.87064362],[383.27166748 -48.87041092],4.198596113663893,3.5125152745994006,2.6561708782598856,2.4448593187903196
396,6.220672673675055,5.440309125584558,4.835784920348605,[400.00576782 -48.87570572],[393.78509521 -48.87479782],[388.3447876  -48.87074661],[383.50900269 -48.87046432],4.147152356244844,3.479937875236489,2.5827343509358953,2.309969232437531
397,6.286468575900583,5.532075505855529,4.866088879031275,[400.41775513 -48.87590408],[394.13128662 -48.87496567],[388.59921265 -48.87084961],[383.73312378 -48.8705101 ],4.09738281812764,3.4503681788143257,2.5199277411943815,2.180488862966484
398,6.350219800483671,5.626649474324679,4.903411880672414,[400.8248291 -48.8760643],[394.47460938 -48.87509537],[388.84796143 -48.87095261],[383.94454956 -48.87056351],4.049220721502835,3.423726484150851,2.4672717816505707,2.0562970981962203
399,6.411712720274198,5.723481740525571,4.947998066322166,[401.22717285 -48.87619019],[394.81546021 -48.87521744],[389.09197998 -48.87105179],[384.14398193 -48.8706131 ],4.002612675283258,3.4000159460809756,2.42421693893192,1.9384968556082194
400,6.470825266717985,5.821870384053599,5.000274682417637,[401.62490845 -48.87627792],[395.15408325 -48.87531662],[389.33221436 -48.87115479],[384.3319397  -48.87066269],3.9574935789328904,3.378638331449369,2.3903493218276015,1.8273933170654568
401,6.527587961972452,5.921113499151158,5.060333280945763,[402.01821899 -48.8763504 ],[395.4906311  -48.87538528],[389.56951904 -48.87125778],[384.50918579 -48.87071609],3.9138019180976356,3.3592858639401255,2.365157753587313,1.7238584954802683
402,6.581909244963092,6.020539721485267,5.128479043000938,[402.40725708 -48.87638092],[395.8253479  -48.87545395],[389.80480957 -48.87136078],[384.67633057 -48.87072754],3.871481657052508,3.341786637369561,2.3480357036577173,1.6265657104963958
403,6.633789125675834,6.119721792353666,5.204437300154546,[402.79220581 -48.87640381],[396.15841675 -48.87548828],[390.03869629 -48.87144852],[384.83425903 -48.8707695 ],3.8304820120622476,3.325839759259772,2.3383935609255078,1.537892242028263
404,6.683013973609124,6.2178967979182005,5.288147023377401,[403.17300415 -48.87638474],[396.48999023 -48.87550735],[390.27209473 -48.87150192],[384.98394775 -48.8707695 ],3.7907576855308793,3.311194420111279,2.33563624058537,1.4618265758753486
405,6.72976689755666,6.314545924011878,5.378875789824677,[403.54992676 -48.87635803],[396.82015991 -48.87552261],[390.50561523 -48.87155533],[385.1267395 -48.8707695],3.752260737683755,3.2976505816639157,2.3391321746519083,1.399819152520872
406,6.774108933635785,6.409333458783139,5.475616519391678,[403.92315674 -48.87630081],[397.14904785 -48.87550354],[390.73971558 -48.87160873],[385.26409912 -48.8707695 ],3.7149485109076132,3.285006545068513,2.348240229635018,1.3506453194581192
407,6.815918010600069,6.501710098986909,5.577789376851441,[404.29263306 -48.87622452],[397.47671509 -48.87546921],[390.9750061  -48.87166214],[385.3972168  -48.87077713],3.6787787795991056,3.273079431071539,2.362332663255557,1.3147927668966877
408,6.855407751562066,6.591218090397949,5.684417802699852,[404.65859985 -48.87614822],[397.80319214 -48.87543869],[391.2119751  -48.87171936],[385.52755737 -48.87077713],3.6437122176168386,3.261712131372654,2.380786011451142,1.2925367481703387
409,6.8925476386515365,6.677491213624913,5.794799890220309,[405.02108765 -48.87604523],[398.12854004 -48.8753891 ],[391.4510498  -48.87177277],[385.65625    -48.87077713],3.609711166396522,3.2507675618586993,2.402980384592541,1.2822759277383784
410,6.927368190950708,6.760407389313674,5.907867524778173,[405.38021851 -48.87591553],[398.45285034 -48.87530518],[391.69244385 -48.87182617],[385.78457642 -48.87077713],3.576737201892246,3.240117194711161,2.428311634157964,1.2824813246827926
411,6.95999147766812,6.839600425708592,6.023101908234131,[405.7361145  -48.87578583],[398.77612305 -48.87522507],[391.93652344 -48.87188339],[385.91342163 -48.87077713],3.5447555271643028,3.2296463448939643,2.4562073133784876,1.2923851126896013
412,6.990631122204509,6.914795664328749,6.139740099033508,[406.08889771 -48.87565231],[399.0982666  -48.87514114],[392.18347168 -48.8719368 ],[386.04373169 -48.87078094],3.5137325554274668,3.219261348902867,2.4861212054575783,1.3109655489231917
413,7.019195571567376,6.985932069736791,6.257171747709886,[406.43862915 -48.87551498],[399.41943359 -48.87505722],[392.4335022 -48.8719902],[386.17633057 -48.87078094],3.4836363147069243,3.2088901808360415,2.517524024369928,1.337244401410567
414,7.045806897260871,7.0527654822010035,6.374847538672978,[406.78536987 -48.87535477],[399.73956299 -48.87493515],[392.6867981  -48.87205124],[386.31195068 -48.87078094],3.4544346195574085,3.198460605985504,2.549925102145938,1.370365867772997
415,7.0707092379991465,7.115295940261618,6.492096072290998,[407.12930298 -48.87517166],[400.05859375 -48.87480545],[392.94329834 -48.87205887],[386.45120239 -48.87078476],3.426097878824497,3.187911785576912,2.582864529211082,1.4096523608122669
416,7.0937805246440435,7.173340314145289,6.60839856180039,[407.47036743 -48.87498474],[400.37658691 -48.87466812],[393.20324707 -48.87207031],[386.59484863 -48.87078857],3.398598212995671,3.177210634318605,2.615923413369201,1.4552265463256504
417,7.115264897588788,7.227142751521671,6.723022583846984,[407.80877686 -48.87479782],[400.69351196 -48.87453079],[393.46636963 -48.87207413],[386.74334717 -48.87078857],3.371905846766006,3.1663170779181,2.648707156164956,1.5058841748927807
418,7.135314944604063,7.27652014381115,6.835418821343958,[408.14459229 -48.87460709],[401.00927734 -48.87439346],[393.73275757 -48.87207794],[386.89733887 -48.8707962 ],3.345996448655731,3.15520322831516,2.6808710124652246,1.5654521040254827
419,7.153839113297173,7.321625077600975,6.944458127510034,[408.47781372 -48.87442398],[401.32397461 -48.87425613],[394.00234985 -48.87208557],[387.05789185 -48.8707962 ],3.320843305602317,3.1438614502909563,2.712106943918264,1.6334780497126526
420,7.171051026303791,7.362610141923781,7.049377560721849,[408.80853271 -48.87423325],[401.63748169 -48.8741188 ],[394.27487183 -48.8720932 ],[387.22549438 -48.8707962 ],3.296423310748322,3.132281968024847,2.7421333789826,1.7065901800347698
421,7.187072754234257,7.399444819070954,7.1496583207670845,[409.13687134 -48.87404633],[401.94979858 -48.87397766],[394.550354   -48.87209702],[387.4006958  -48.87080002],3.272710680986109,3.1204523832816253,2.7707159525909466,1.7833199540977434
422,7.201873779346379,7.432281693263469,7.244964717761661,[409.46282959 -48.87385559],[402.26095581 -48.87382889],[394.82867432 -48.87210846],[387.58370972 -48.87080002],3.2496851828960356,3.1083874732827304,2.797653677523154,1.8630278142957637
423,7.215667724645676,7.461242832589076,7.334808466995907,[409.78656006 -48.87366486],[402.57089233 -48.87364197],[395.10964966 -48.87211227],[387.77484131 -48.87080002],3.2273222365308776,3.0960941492170644,2.8227694103570395,1.9445362121056695
424,7.228515625025164,7.486633426035506,7.418884394075703,[410.10812378 -48.87347031],[402.87960815 -48.87348938],[395.39297485 -48.8721199 ],[387.97409058 -48.87080383],3.2056025431668247,3.0835792893591054,2.845924388644304,2.026828529975899
425,7.24047851567424,7.508514505394554,7.496917832230092,[410.42749023 -48.87327957],[403.18701172 -48.87330627],[395.67849731 -48.87207413],[388.18157959 -48.87080383],3.1845053511010724,3.070865665699586,2.8670168111703145,2.109221460196993
426,7.251678466861089,7.527191240623344,7.5686646492210805,[410.74487305 -48.87308502],[403.49319458 -48.87311554],[395.96600342 -48.87202835],[388.39733887 -48.87080765],3.1640113636655998,3.0579750619466264,2.8859625003425005,2.1909828200712247
427,7.262054443721066,7.542755190665882,7.634185882016253,[411.06011963 -48.87289429],[403.79806519 -48.87296677],[396.25531006 -48.87198639],[388.62112427 -48.87080765],3.144100773283347,3.0449287850870186,2.9027176084890463,2.2713902004984314
428,7.2717895512655275,7.555419968062003,7.6932068716616175,[411.37338257 -48.87269974],[404.10159302 -48.87278366],[396.5461731  -48.87194824],[388.85296631 -48.87080765],3.124756432367815,3.031745239014682,2.917253041735985,2.349841833700194
429,7.281036377793538,7.565490756286978,7.745910720828238,[411.68484497 -48.87250519],[404.40380859 -48.87261581],[396.83831787 -48.87190247],[389.09240723 -48.87081528],3.1059580574008954,3.0184538407549044,2.9295614082444024,2.4257967474881017
430,7.289733888236875,7.572998070256454,7.792358468538201,[411.99441528 -48.87230682],[404.7046814 -48.8724556],[397.13168335 -48.8718605 ],[389.33932495 -48.87081528],3.0876930251638477,3.0050840498043234,2.9396651152580495,2.498744726185231
431,7.297973634831391,7.5783996727283505,7.832611147264104,[412.30221558 -48.87211227],[405.00424194 -48.87228394],[397.42584229 -48.87181473],[389.5932312  -48.87081909],3.0699427307420675,2.991664900347111,2.9475951637196403,2.5682611465496143
432,7.305847170458522,7.581634530514022,7.866790828828806,[412.60824585 -48.87195206],[405.30239868 -48.87214279],[397.72076416 -48.87177277],[389.85397339 -48.87082291],3.0526914520169495,2.9782233143235084,2.9540951780319316,2.6339824201774045
433,7.313293459932363,7.583068852493091,7.895111135748468,[412.91256714 -48.87179184],[405.59927368 -48.87199783],[398.01620483 -48.87172699],[390.12109375 -48.87082291],3.035924200414304,2.964785589212391,2.958220780360541,2.6956613070213935
434,7.320465090788896,7.582946779117894,7.917724655484011,[413.215271   -48.87164307],[405.89480591 -48.87184906],[398.31185913 -48.87168503],[390.39413452 -48.87083054],3.0196258841102086,2.9513766779120902,2.9596567820153292,2.7530355464602945
435,7.327423098598644,7.5813293459804845,7.934997599804933,[413.51635742 -48.87149811],[406.18893433 -48.8717041 ],[398.60760498 -48.87163925],[390.67260742 -48.87083054],3.003783911210611,2.9380271274878287,2.9594231417658268,2.8057940032239257
436,7.334106448313516,7.5786132813661675,7.947052038575297,[413.81588745 -48.87134552],[406.48178101 -48.87155533],[398.90316772 -48.87159729],[390.95611572 -48.87083435],2.9883825283321603,2.924762698497197,2.957517707384253,2.853817704665409
437,7.340606692451484,7.574768067452291,7.954345733757884,[414.1138916  -48.87120056],[406.77328491 -48.87141037],[399.19851685 -48.87153625],[391.24417114 -48.87083817],2.973410284405158,2.9116065016814145,2.9538129316036765,2.8970763736318097
438,7.346954348920729,7.570098879967274,7.9570312758081965,[414.41043091 -48.87104797],[407.06347656 -48.87126541],[399.49337769 -48.87147903],[391.53634644 -48.87083817],2.958853140708843,2.898582394470406,2.948573681565949,2.9368956161595268
439,7.353149417277392,7.564727788051694,7.955413837061866,[414.70553589 -48.8708992 ],[407.35238647 -48.87111664],[399.78765869 -48.87138748],[391.83224487 -48.87084198],2.9446986706295566,2.8857120621988193,2.9419430301001497,2.9712057206185163
440,7.359222415209893,7.55877686415607,7.95001222420889,[414.99920654 -48.87075043],[407.63998413 -48.87096405],[400.08120728 -48.87132645],[392.13119507 -48.87080383],2.9309356927441272,2.87301696153777,2.9339757830319075,2.9992566235701403
441,7.3652343783232235,7.552459728453884,7.9412231593090645,[415.29159546 -48.87059784],[407.92636108 -48.87081909],[400.37390137 -48.87123871],[392.43267822 -48.87075424],2.917551081993811,2.8605145007785904,2.9248102745472733,3.0238659540599757
442,7.37118530500861,7.5458984525660435,7.929199228674931,[415.58267212 -48.8704834 ],[408.21148682 -48.8706665 ],[400.66558838 -48.87114334],[392.73638916 -48.87074661],2.9045353007214993,2.8482237655376816,2.914585921621413,3.043715246374979
443,7.377014161434496,7.53921511018787,7.914337168146694,[415.87243652 -48.8703804 ],[408.49542236 -48.87051773],[400.95620728 -48.87109756],[393.04187012 -48.87070084],2.8918786141693196,2.8361599906853123,2.9034143372726593,3.057999149934441
444,7.382751465616409,7.532501245741302,7.897247321750966,[416.16091919 -48.8702774 ],[408.77816772 -48.87038422],[401.2456665  -48.87099838],[393.34841919 -48.87065887],2.879568095714284,2.8243334507091804,2.8914133260842485,3.068320523272562
445,7.388549805459553,7.52584841661227,7.877960211594933,[416.44824219 -48.87017441],[409.05969238 -48.87028122],[401.53384399 -48.87092972],[393.65588379 -48.87060928],2.867594453946688,2.812757975946749,2.8787048750086495,3.074789296812473
446,7.3943176277245755,7.519287138671247,7.856964116399186,[416.734375   -48.87007141],[409.34005737 -48.87017822],[401.82077026 -48.87084198],[393.96380615 -48.87055969],2.8559500677567904,2.8014431086188023,2.865400415335855,3.0771954159061288
447,7.400054932411478,7.5130005217857105,7.834503178642542,[417.01937866 -48.86996841],[409.61932373 -48.87007523],[402.10632324 -48.87078476],[394.27182007 -48.8705101 ],2.8446234938877466,2.7904028783780337,2.8516078901509117,3.0771234139271644
448,7.405609131743619,7.507141147173375,7.810821535626015,[417.30322266 -48.86986542],[409.89761353 -48.86997986],[402.39047241 -48.87069321],[394.57965088 -48.87049866],2.8336030499718707,2.7796449345668997,2.8374322500829683,3.073193082653339
449,7.411254883755956,7.50155643450937,7.786437990434199,[417.58599854 -48.86975861],[410.17474365 -48.86987686],[402.67318726 -48.87063217],[394.88674927 -48.87044907],2.822882060429164,2.7691657077756986,2.8229843042232226,3.064928309951887
450,7.416961670864605,7.496368450599801,7.761566163924248,[417.86776733 -48.86965561],[410.45080566 -48.86977386],[402.95443726 -48.87057114],[395.19287109 -48.87040329],2.8124538475175216,2.758970188956654,2.8083523285856935,3.054132233382106
451,7.422515869494497,7.491699265756205,7.736419679315324,[418.1484375  -48.86959839],[410.72592163 -48.86967087],[403.23422241 -48.8705101 ],[395.49780273 -48.8703537 ],2.802308165611967,2.7490710288660742,2.7936197283473376,3.0409023861159654
452,7.4280700683946375,7.48748784663358,7.711334229309143,[418.42810059 -48.86954498],[411.00003052 -48.86956787],[403.51254272 -48.87046432],[395.8012085 -48.8703537],2.792437164371703,2.7394663163859563,2.778879020816706,3.0250899877614232
453,7.433624267626086,7.483795222953204,7.686431885144264,[418.70681763 -48.86948776],[411.27319336 -48.86946106],[403.78939819 -48.87038422],[396.10296631 -48.87030792],2.782832937943417,2.7301505679273914,2.7642093700039974,3.0072174249518895
454,7.439086914180846,7.480682432386234,7.661834717104557,[418.98455811 -48.86943436],[411.54547119 -48.8693924 ],[404.06478882 -48.87033463],[396.4029541  -48.87026596],2.7734900148612196,2.7211249737690064,2.7496734471145947,2.9875817396894
455,7.444610595800859,7.478118956809258,7.6379699707374185,[419.26144409 -48.86937714],[411.8168335  -48.86933899],[404.3387146  -48.87028885],[396.70074463 -48.87026596],2.7643979117949913,2.712387172459386,2.735342116004272,2.966322908114099
456,7.450042724707038,7.4761047971549015,7.614837646508263,[419.53738403 -48.86932373],[412.08734131 -48.86928558],[404.61123657 -48.87023926],[396.99639893 -48.87022018],2.75554875571223,2.7039390427555365,2.7212758969609605,2.9437194038875623
457,7.455413818456968,7.4746399539045045,7.592681884766583,[419.81243896 -48.86927032],[412.35702515 -48.86923218],[404.88238525 -48.87018967],[397.28970337 -48.87019348],2.746938975203706,2.6957748634625878,2.7075217635299387,2.9200399011082605
458,7.460784912188369,7.473785462213702,7.571472167992774,[420.08666992 -48.8692131 ],[412.62588501 -48.86917877],[405.15209961 -48.87014008],[397.58062744 -48.87015915],2.7385597456503863,2.687886773299284,2.69413050423764,2.8954854119933264
459,7.466064453203938,7.473510804012849,7.55145263703093,[420.3600769 -48.8691597],[412.89401245 -48.86912537],[405.42050171 -48.87008667],[397.86904907 -48.87015533],2.730407729355822,2.680270957820711,2.681145033181137,2.8702805133711977
460,7.471282959233682,7.473754945127465,7.532775879219204,[420.63269043 -48.869133  ],[413.16140747 -48.86907196],[405.68765259 -48.87003708],[398.15487671 -48.87010574],2.7224731535864133,2.672922648835364,2.6685980117480215,2.844637169576993
461,7.476470948028599,7.474426332334154,7.515411377824449,[420.9045105  -48.86912537],[413.42803955 -48.86901855],[405.95361328 -48.86998749],[398.4382019  -48.87010193],2.7147500596941145,2.665833740226089,2.6565187705726054,2.8187565869025275
462,7.481567384610686,7.475647037442193,7.499450684650297,[421.17556763 -48.86912155],[413.69400024 -48.86895752],[406.21835327 -48.86994171],[398.71890259 -48.8700676 ],2.7072353435177545,2.6589999405344367,2.64493257751675,2.7928247576873746
463,7.4866027861430124,7.477294987149744,7.484985353530949,[421.44589233 -48.86911392],[413.95928955 -48.86890411],[406.48199463 -48.86989212],[398.99700928 -48.87006378],2.699919467056607,2.6524100426654384,2.6338556480112363,2.767013795928112
464,7.4915466342402,7.47933966089722,7.472015384135108,[421.71548462 -48.86911011],[414.22393799 -48.86888504],[406.74459839 -48.86984253],[399.27258301 -48.87006378],2.6927983783859415,2.646060474691066,2.6232991831253245,2.7415781092131932
465,7.496459964316109,7.481781060945101,7.460601810635252,[421.98440552 -48.86910629],[414.48794556 -48.86888123],[407.00616455 -48.86978912],[399.54556274 -48.87003326],2.685870410005272,2.639940747108801,2.613271531701671,2.7165386795336226
466,7.50125122396609,7.484680225432912,7.450531011649453,[422.25259399 -48.86909866],[414.75134277 -48.86887741],[407.2666626  -48.86973953],[399.81613159 -48.87003326],2.6791260244105612,2.634043939237363,2.6037788900463075,2.691972978202605
467,7.505950931108712,7.487915083979027,7.442047127059851,[422.52017212 -48.86909485],[415.01422119 -48.86886978],[407.52630615 -48.86968994],[400.08425903 -48.87003326],2.6725599766632997,2.6283614681475265,2.594825315359806,2.668025261882768
468,7.510650638137851,7.491424600177278,7.4350280867564695,[422.78713989 -48.86909103],[415.27648926 -48.86886597],[407.7850647  -48.86963654],[400.35003662 -48.87003326],2.6661682135630915,2.6228826067495836,2.5864065124260396,2.644924651322497
469,7.515167239930685,7.495208776020023,7.429412855203127,[423.05337524 -48.86908722],[415.53820801 -48.86885452],[408.04299927 -48.86958694],[400.61358643 -48.87003326],2.659945251585318,2.6176061639586368,2.5785129443206687,2.622802983945067
470,7.519622806217721,7.499237091633899,7.425292984804489,[423.31906128 -48.86907959],[415.79943848 -48.86885071],[408.30020142 -48.86953354],[400.87490845 -48.87002182],2.6538875143993965,2.612519264252935,2.5711377004791616,2.6016271228821135
471,7.523925784731354,7.503540066430466,7.422363300463391,[423.58410645 -48.86907578],[416.06018066 -48.86884689],[408.55664062 -48.86948776],[401.13427734 -48.87002182],2.6479928568566513,2.607613802022083,2.564267186813392,2.5814824201214837
472,7.5281372106276025,7.507995628751247,7.420715355284616,[423.84857178 -48.86907578],[416.32043457 -48.86884308],[408.81243896 -48.86943436],[401.39172363 -48.87002182],2.642253886448098,2.602880240191587,2.557892586876879,2.5624499435024286
473,7.532287602803899,7.5125427446923565,7.42047121777845,[424.11248779 -48.86911392],[416.5802002  -48.86883545],[409.06765747 -48.86938477],[401.64718628 -48.87001038],2.6366667890126343,2.598311187891608,2.551993390163008,2.54454971532041
474,7.5363769596166525,7.517211930672742,7.4212951970791305,[424.37588501 -48.86914444],[416.83950806 -48.86883163],[409.32229614 -48.86933136],[401.90100098 -48.87001038],2.6312279810987054,2.5939006851076356,2.546547668183065,2.5278208355303713
475,7.540283211833628,7.522033704874739,7.4232178095702,[424.63870239 -48.86919022],[417.09841919 -48.86882782],[409.5763855  -48.86927795],[402.15316772 -48.87001038],2.625931039173554,2.5896442007438556,2.5415377742317844,2.512292635175661
476,7.544067393854612,7.526947034716909,7.4261780131446695,[424.90100098 -48.86923218],[417.35693359 -48.86882401],[409.82998657 -48.86927032],[402.40380859 -48.86998749],2.620772852918626,2.5855293380741324,2.5369463058502943,2.4979686856585075
477,7.547851574377164,7.531799325309199,7.430084268078563,[425.1628418  -48.86927795],[417.61499023 -48.86885452],[410.08319092 -48.86922073],[402.65310669 -48.86998749],2.615752714107783,2.5815453679818092,2.5327530047286446,2.4848544680879403
478,7.551513683961267,7.5366516181400565,7.434783975479196,[425.42416382 -48.86932373],[417.87265015 -48.86889648],[410.33599854 -48.86921692],[402.9012146  -48.86998749],2.6108632273315866,2.5776944286768466,2.5289268550616444,2.472943555673298
479,7.5550537234534065,7.541473393813255,7.4403686926421475,[425.68499756 -48.86936951],[418.12994385 -48.86893463],[410.58847046 -48.8692131 ],[403.14810181 -48.86998749],2.606103202387334,2.5739722381576957,2.525447854815806,2.462218773062684
480,7.558441174619672,7.546325687300028,7.446563760967997,[425.94534302 -48.86941147],[418.38690186 -48.86897659],[410.84057617 -48.8692131 ],[403.39401245 -48.86998749],2.601471208247321,2.5703640144387254,2.522217281970351,2.452661526090469
481,7.561798108207868,7.551086428001303,7.45324711173908,[426.20526123 -48.86946106],[418.64346313 -48.86902618],[411.09237671 -48.86920929],[403.63912964 -48.86999512],2.5969603316671934,2.566865462028152,2.5193164421090155,2.4442310453203997
482,7.565002453905697,7.555816651638622,7.460510290233811,[426.46472168 -48.86950684],[418.89971924 -48.86907196],[411.34390259 -48.86920929],[403.88339233 -48.86994553],2.592567946215255,2.5634770578202346,2.5167765672566302,2.4368834631718532
483,7.568115247311548,7.560424805196596,7.468231237838916,[426.72375488 -48.86955643],[419.15563965 -48.86911392],[411.59521484 -48.86920166],[404.12698364 -48.86994171],2.5882911962195965,2.5601878379789627,2.5144734430303,2.4305946878796783
484,7.571044934364471,7.565032959080554,7.476257360846427,[426.98233032 -48.86959839],[419.4112854  -48.86916351],[411.84625244 -48.86920166],[404.36999512 -48.86994171],2.5841253088585376,2.5569925554155724,2.512387755536865,2.425319681550814
485,7.573944104501556,7.569427490243026,7.484619177589912,[427.24050903 -48.86964798],[419.66656494 -48.86920929],[412.09713745 -48.86919785],[404.61251831 -48.86994171],2.5800695738863424,2.5538840543604198,2.5104727766576245,2.421000014582609
486,7.5767822390425135,7.57369995138803,7.493103064266809,[427.4982605  -48.86968994],[419.92147827 -48.86925507],[412.34777832 -48.86919785],[404.85467529 -48.86994171],2.5761194541779275,2.5508601943573117,2.5087676063951214,2.4173126329833816
487,7.579589856445217,7.577758789815276,7.501892127102775,[427.75570679 -48.86973953],[420.17611694 -48.86930084],[412.59835815 -48.86919403],[405.09646606 -48.86994171],2.5722725735266487,2.5479202568919774,2.5072875034566677,2.4141805282033544
488,7.582183850581499,7.581787110988193,7.5106811895591745,[428.01272583 -48.86978912],[420.43054199 -48.86935043],[412.84875488 -48.86919403],[405.33807373 -48.86994171],2.5685251091549905,2.545060666387917,2.5059392457412133,2.4122820011564854
489,7.58474732713971,7.585693362069304,7.519439735200185,[428.26937866 -48.86983109],[420.68463135 -48.8693924 ],[413.09893799 -48.86919022],[405.57949829 -48.86994553],2.5648775436730413,2.5422740306373592,2.5047101977321824,2.4114852063613337
490,7.587249768541775,7.589294437769905,7.528228797655898,[428.52566528 -48.86988068],[420.93841553 -48.86944199],[413.34912109 -48.86919022],[405.82089233 -48.86994553],2.5613246327225814,2.5395555857401932,2.5036077499667813,2.4112026811258946
491,7.589599622274927,7.592773443632954,7.536926308146236,[428.78158569 -48.86993027],[421.19198608 -48.86948776],[413.59921265 -48.86918259],[406.06228638 -48.86994553],2.557865892646568,2.536908185224929,2.5025978088386616,2.411491167211882
492,7.591857923275645,7.596191414357182,7.545349159665631,[429.03717041 -48.86997986],[421.4453125  -48.86953354],[413.84912109 -48.86918259],[406.30377197 -48.86994553],2.554498230021259,2.5343244453207463,2.501658678309457,2.412395488980142
493,7.594146741407829,7.599365244930807,7.553558388525598,[429.29244995 -48.87002182],[421.69830322 -48.86957932],[414.09893799 -48.86917877],[406.54537964 -48.86994553],2.5512175899898972,2.531800309032634,2.5007891658939307,2.4137573360195366
494,7.596313489451026,7.602355970357439,7.561706581843039,[429.54742432 -48.87007141],[421.95111084 -48.86962891],[414.34875488 -48.86917877],[406.78704834 -48.86994553],2.5480225444570457,2.5293374460717923,2.4999775896692285,2.4155063748387127
495,7.598388684760006,7.605163590888514,7.56948856461232,[429.80206299 -48.870121  ],[422.20367432 -48.8696785 ],[414.59851074 -48.86917496],[407.02902222 -48.86994553],2.544912609951615,2.5269363320179177,2.4991965308732347,2.4176313997649896
496,7.600402845135895,7.607849140925144,7.576965371214242,[430.05636597 -48.87017059],[422.45596313 -48.86972427],[414.84811401 -48.86917496],[407.27114868 -48.86994553],2.5418827855882036,2.524588386115062,2.498443606089462,2.42006517675172
497,7.602264417623225,7.610473656679215,7.584045448531324,[430.31033325 -48.87022018],[422.70806885 -48.86977005],[415.09759521 -48.86916733],[407.5135498  -48.86993027],2.538932831325164,2.522295516010713,2.4977104696946695,2.422736418627055
498,7.604217542394946,7.61285403185323,7.590728798106912,[430.56408691 -48.87026596],[422.95986938 -48.86981964],[415.34701538 -48.86916733],[407.75628662 -48.86993027],2.5360591708385756,2.520049374768368,2.496993308683771,2.4256024458398695
499,7.6060485973040945,7.6151123370356535,7.597137489864865,[430.81759644 -48.87031555],[423.21154785 -48.86986542],[415.59643555 -48.86916351],[407.9992981  -48.86993027],2.533260613117225,2.5178559224802886,2.4962799609783253,2.4286165355501206
500,7.607818616832246,7.617065467135864,7.603271523422425,[431.07073975 -48.87036514],[423.46292114 -48.86991501],[415.84585571 -48.8691597 ],[408.24258423 -48.86993027],2.5305342941611517,2.5157132553706623,2.4955599390005627,2.4317309976374823
501,7.611694349473886,7.619049114781811,7.6089172753465775,[431.32583618 -48.87041855],[423.71414185 -48.8699646 ],[416.09509277 -48.8691597 ],[408.48617554 -48.86993027],2.596919562312128,2.5136177927410426,2.494825611809264,2.4349146010156644
502,7.635833753955704,7.621093798332348,7.614196816335148,[431.60122681 -48.87047195],[423.96539307 -48.87001419],[416.34429932 -48.86915588],[408.73010254 -48.86992645],2.914644026838639,2.518054523152748,2.494077932664775,2.438119423637274
503,7.695281996037203,7.625183154637775,7.618957554369902,[431.91378784 -48.87052155],[424.21850586 -48.87006378],[416.59332275 -48.86919785],[408.97436523 -48.86992645],3.2748403794889254,2.5543189420681385,2.4939239172721193,2.441310178871529
504,7.779174818608688,7.635314995838841,7.623626743801689,[432.25704956 -48.87057495],[424.47787476 -48.87010956],[416.84255981 -48.86919785],[409.21893311 -48.86992645],3.5576741942876935,2.63665775177323,2.4975960341571017,2.444509041528762
505,7.882141127474744,7.654449518558793,7.628814725154135,[432.62927246 -48.87063217],[424.74713135 -48.87015915],[417.09268188 -48.86923599],[409.46386719 -48.86988831],3.8688540690595223,2.744343557184595,2.5103480984629494,2.4480683925892746
506,8.005859389658504,7.683593807772302,7.635559107348966,[433.03417969 -48.87069321],[425.02832031 -48.87020874],[417.34472656 -48.86926651],[409.70916748 -48.86988831],4.188778420610315,2.8755984673936785,2.534781944639628,2.452938801356478
507,8.144714370105149,7.724670467621342,7.644714376883422,[433.46920776 -48.87074661],[425.32449341 -48.87025833],[417.599823  -48.8693161],[409.95510864 -48.86988831],4.478871360952383,3.040411270330436,2.5719311374769704,2.4603607760086845
508,8.29431153803536,7.779052795672587,7.657623311269209,[433.93292236 -48.87080002],[425.63861084 -48.87030792],[417.85955811 -48.86933136],[410.20193481 -48.86988831],4.7698569425479524,3.2301822067512487,2.6250822655231323,2.4715151894498897
509,8.453216567280753,7.847320617404953,7.675354020927887,[434.42608643 -48.87084961],[425.97286987 -48.8703537 ],[418.12554932 -48.86937714],[410.45019531 -48.86988831],5.063212403255816,3.4399998537616447,2.6969855016549316,2.487855683639515
510,8.611846937670602,7.929443419980733,7.699371351956105,[434.94116211 -48.87089157],[426.32931519 -48.87040329],[418.39987183 -48.86942291],[410.70050049 -48.86988831],5.151760106500784,3.673663651158616,2.7884221216819967,2.51120759141947
511,8.746917735802493,8.024993956835429,7.730896007275591,[435.45639038 -48.8708992 ],[426.70947266 -48.8704567 ],[418.68447876 -48.8694725 ],[410.95358276 -48.86988831],5.215794089428127,3.903831752191889,2.900954260721747,2.543370973080206
512,8.88092041901758,8.129882872072425,7.771331795737912,[435.99237061 -48.87090302],[427.1114502  -48.87050629],[418.98156738 -48.86952209],[411.2102356  -48.86988831],5.527563576304516,4.11596777794119,3.0337393421317773,2.5813677421708223
513,9.02920532893866,8.242797911233348,7.821533209688822,[436.56481934 -48.87090683],[427.53561401 -48.87055969],[419.29281616 -48.86956787],[411.47128296 -48.86988831],5.884560588737733,4.353957201001299,3.182593359448528,2.6336944215600933
514,9.181030278259064,8.365966855667336,7.8811340363088105,[437.16687012 -48.87090683],[427.98583984 -48.87060928],[419.61987305 -48.86961746],[411.73873901 -48.86983871],6.143131735343876,4.626995583182558,3.349227204677589,2.7048866863573156
515,9.330261233763505,8.49893194308419,7.950775148176442,[437.79406738 -48.87091064],[428.46380615 -48.87066269],[419.96487427 -48.86966705],[412.01409912 -48.86983109],6.407839776603118,4.901797310620879,3.5386951108355613,2.789317373626087
516,9.481262209027268,8.639343319529953,8.031311035971605,[438.45062256 -48.87091064],[428.96936035 -48.87071609],[420.33001709 -48.86971664],[412.29870605 -48.86983109],6.714127541037516,5.185100565795094,3.749102605943981,2.889292009882217
517,9.652191163255926,8.76794439333644,8.123046875258863,[439.13742065 -48.87091827],[429.48522949 -48.8707695 ],[420.71728516 -48.86976624],[412.59423828 -48.86983109],7.005580425317088,5.159190660723071,3.9780419001369425,3.0083999729268274
518,9.846191407261639,8.879272513803958,8.223968505862914,[439.85220337 -48.87092209],[430.00601196 -48.87078094],[421.1267395  -48.86981201],[412.902771   -48.86980438],7.283898353913625,5.3140168214319665,4.183311474251173,3.1463453867859386
519,10.037384034142576,9.00210575983463,8.330108643312698,[440.59533691 -48.87092209],[430.55795288 -48.87078476],[421.55584717 -48.86986542],[413.22573853 -48.86975479],7.570691587048342,5.734048847361933,4.383887779219455,3.2944197755112055
520,10.210937500923484,9.149108928423193,8.443206788702756,[441.36737061 -48.8709259 ],[431.15643311 -48.87078857],[422.00732422 -48.86991501],[413.56411743 -48.86975098],7.858068469605857,6.186717513681062,4.631261357282168,3.457552673904826
521,10.372955322739795,9.30871585678016,8.565917971413743,[442.16772461 -48.87088776],[431.79476929 -48.87078857],[422.48605347 -48.8699646 ],[413.9201355  -48.86975098],8.138388641164966,6.560010435441214,4.918044097612908,3.643971211002249
522,10.524627685630525,9.47698977930968,8.698120120831284,[442.99575806 -48.87083817],[432.47113037 -48.8707962 ],[422.99414062 -48.87000275],[414.29602051 -48.86975098],8.411051754561672,6.963743210888904,5.194861894394832,3.8520379134528584
523,10.659545898492789,9.680450471970934,8.81704712273526,[443.85058594 -48.87083054],[433.19104004 -48.8707962 ],[423.5105896  -48.87000275],[414.69354248 -48.86975098],8.67439270251986,7.407362461203133,5.162459378681682,4.07578182886403
524,10.777526855485627,9.916107206210533,8.924957280478521,[444.73123169 -48.87078476],[433.95370483 -48.87080383],[424.03759766 -48.87005234],[415.11264038 -48.86975098],8.929216391728252,7.816857814851353,5.384223471333087,4.275705820721631
525,10.881103515841652,10.153717067157205,9.051208502178211,[445.63702393 -48.87073517],[434.75592041 -48.87080383],[424.60220337 -48.87007523],[415.55099487 -48.86974335],9.176132205403515,8.209103585681229,5.863013270968221,4.478342062267054
526,10.968994140839916,10.37899782830854,9.206573492309907,[446.5670166  -48.87073517],[435.59802246 -48.87080383],[425.21902466 -48.87007523],[416.01245117 -48.86974335],9.41482544079966,8.611127856916054,6.378377441298208,4.736012463211575
527,11.04058837907496,10.596435565568829,9.380889900647622,[447.52044678 -48.87070084],[436.4798584  -48.87076187],[425.88342285 -48.87013245],[416.50253296 -48.86974335],9.645416265267023,8.998893745275334,6.843945035578653,5.038292889597161
528,11.097381591925382,10.80267335581726,9.577850349393525,[448.49658203 -48.87065887],[437.39920044 -48.87071228],[426.5965271  -48.87012482],[417.01867676 -48.86974335],9.86829853349116,9.364892963948764,7.361508847004286,5.165323261803618
529,11.140045166047628,10.989868175424121,9.825622568730571,[449.49472046 -48.87065887],[438.35467529 -48.87068558],[427.36480713 -48.87018585],[417.53918457 -48.86973953],10.08359718431631,9.722902300485146,7.917976389756091,5.265298847120358
530,11.168518066412114,11.159729014588345,10.098144539968343,[450.51394653 -48.87065887],[439.34542847 -48.87064743],[428.18569946 -48.87015915],[418.08755493 -48.86973953],10.291418078343424,10.06922912987333,8.416778566026705,5.6811990766111755
531,11.183746337901034,11.314971931894394,10.367797860523584,[451.55358887 -48.8706131 ],[440.36984253 -48.87059784],[429.05487061 -48.87017059],[418.68707275 -48.86973953],10.492001537334096,10.396341327214376,8.911099434689307,6.226220133549704
532,11.186798095708978,11.450225837627814,10.635589608344828,[452.61294556 -48.87059784],[441.42614746 -48.8705864 ],[429.97592163 -48.87017059],[419.34033203 -48.86973953],10.685557367283778,10.708713533668256,9.441358566290262,6.759870531265584
533,11.178161621187481,11.5642395082449,10.900604256721472,[453.69119263 -48.87059784],[442.51303101 -48.87055206],[430.9487915  -48.87017059],[420.04818726 -48.86973572],10.8722448372716,11.008096698378354,9.939059257545942,7.334514143438763
534,11.158752441485147,11.660125737589247,11.151214607794099,[454.78781128 -48.87055969],[443.62905884 -48.87051773],[431.96893311 -48.87017059],[420.81771851 -48.86974335],11.052252772902202,11.29076767217776,10.405366897775544,7.97166204456366
535,11.129608154328908,11.735717778459371,11.386413583116234,[455.90206909 -48.87054443],[444.77246094 -48.87051773],[433.03674316 -48.87017441],[421.65032959 -48.86972427],11.22579574768457,11.557549478493238,10.894071579327811,8.588070871411169
536,11.091735839991346,11.789886478758994,11.608642586558828,[457.03341675 -48.87054443],[445.94168091 -48.87048721],[434.15179443 -48.87017441],[422.54315186 -48.8697319 ],11.393051149506652,11.807678225866646,11.33726787642274,9.197376251268532
537,11.04617309585133,11.82742309935051,11.807708748526016,[458.18115234 -48.87052536],[447.13497925 -48.87046814],[435.30755615 -48.87017441],[423.49984741 -48.8697319 ],11.554209712002834,12.04055977079264,11.730734826253586,9.86739921570271
538,10.993927002064972,11.848144534891006,11.979431160800782,[459.3447876  -48.87051773],[448.3508606  -48.87046814],[436.50271606 -48.87017441],[424.52328491 -48.86972427],11.709465029106239,12.260389330080276,12.13010978860872,10.502149582290171
539,10.935516357662067,11.851013186349782,12.133361824755992,[460.52355957 -48.87050247],[449.58804321 -48.87042999],[437.73703003 -48.87017441],[425.60366821 -48.86972427],11.859001162256448,12.46744251552855,12.508723261220627,11.042059899129814
540,10.871795654620792,11.838287356790895,12.269012458217727,[461.71697998 -48.87049866],[450.84518433 -48.87041473],[439.00689697 -48.87013626],[426.73788452 -48.86972046],12.002970697794346,12.660498620498991,12.849676135199976,11.597503663324558
541,10.803558349690865,11.81140137174352,12.379089360885564,[462.92456055 -48.8704567 ],[452.1210022  -48.87041473],[440.30960083 -48.87008667],[427.93051147 -48.86972046],12.140921595478789,12.8410491957825,13.170274738364604,12.19855117995018
542,10.731414794976793,11.77062988793136,12.461700443475374,[464.1456604  -48.87044907],[453.41424561 -48.87041473],[441.64361572 -48.8700676 ],[429.18191528 -48.86975098],12.273290635167566,13.010026933712478,13.47706413395909,12.752251628078879
543,10.655944824334144,11.716522221605898,12.523620608564785,[465.37976074 -48.87044907],[454.72381592 -48.87039948],[443.0072937  -48.87006378],[430.4836731  -48.86978531],12.400907517728047,13.167148592461453,13.764107705128222,13.22976017214291
544,10.577850341931693,11.650115971524015,12.565551760898204,[466.62631226 -48.87044907],[456.04846191 -48.87039566],[444.39834595 -48.87006378],[431.83279419 -48.86978531],12.52373504787583,13.313136102734454,14.02690982907113,13.710392953399696
545,10.49783325225878,11.5726013223832,12.584259035876626,[467.88491821 -48.87044907],[457.38708496 -48.87036896],[445.81448364 -48.87006378],[433.23022461 -48.86980438],12.641780854970813,13.448985102159847,14.269125939228756,14.182004930944235
546,10.416229248354924,11.485076908351365,12.581604006201529,[469.15512085 -48.87044907],[458.7388916  -48.87036896],[447.2538147  -48.87006378],[434.67221069 -48.86982346],12.75539779862415,13.575003625314336,14.491260529324478,14.607798578217595
547,10.333679199446879,11.388671879088811,12.559143068705632,[470.43643188 -48.87043762],[460.10275269 -48.87036896],[448.71408081 -48.87006378],[436.15493774 -48.86982346],12.86472988366104,13.691686632086336,14.691770554333122,15.006731034877987
548,10.25057983418951,11.284545902564039,12.516479494076178,[471.72842407 -48.87043381],[461.47784424 -48.87036896],[450.19329834 -48.87006378],[437.67681885 -48.86984634],12.969843866552912,13.799813272668125,14.872035027296015,15.387368204377983
549,10.167602539408852,11.173553469897127,12.454650880609766,[473.03076172 -48.87041092],[462.86315918 -48.870327  ],[451.68960571 -48.87006378],[439.23495483 -48.86985779],13.070919992935497,13.899899485164966,15.033500672137894,15.73376178888276
550,10.084899902692941,11.057220462117245,12.375183107183204,[474.3430481  -48.87041092],[464.25814819 -48.870327  ],[453.20092773 -48.87006378],[440.82574463 -48.86985779],13.168130876130133,13.992424965614081,15.176323891439324,16.046285630728114
551,10.002685547227061,10.936614993401793,12.27917480628974,[475.66482544 -48.87041092],[465.66213989 -48.870327  ],[454.7255249  -48.87006378],[442.4463501  -48.86986542],13.261576654441006,14.07798767195166,15.30140304640477,16.33217430302071
552,9.921508789417443,10.81246948562566,12.167907715753252,[476.99575806 -48.87041092],[467.07424927 -48.870327  ],[456.26177979 -48.87006378],[444.09387207 -48.86991501],13.351397516469623,14.157104493270625,15.41014099195366,16.58771515082826
553,9.841491699343694,10.685943606757345,12.042663574627177,[478.33551025 -48.87037659],[468.49401855 -48.870327  ],[457.80807495 -48.87006378],[445.76541138 -48.8699646 ],13.437731745256828,14.23023605462509,15.503429413568261,16.817461015867814
554,9.7628784180947,10.55804443687474,11.904266357803879,[479.68365479 -48.87037659],[469.92077637 -48.870327  ],[459.36273193 -48.87006378],[447.45846558 -48.86996841],13.520701409321962,14.297875405659932,15.582195282688371,17.016212463735474
555,9.686065673955074,10.4293518099621,11.755218506186802,[481.04006958 -48.87037659],[471.35400391 -48.870327  ],[460.9246521  -48.87006378],[449.16943359 -48.86997604],13.600426675170157,14.360473634310774,15.647679329598365,17.183435440117744
556,9.61096191419044,10.300872806097278,11.596710205381795,[482.40423584 -48.87037659],[472.79327393 -48.870327  ],[462.49240112 -48.87006378],[450.89569092 -48.86997986],13.677027703672193,14.418453218290885,15.700972557718222,17.3231258394958
557,9.537719726691424,10.17333984715506,11.43066406280808,[483.77587891 -48.87037659],[474.23815918 -48.870327  ],[464.06481934 -48.87006378],[452.63415527 -48.86997986],13.750617028725046,14.472215654483486,15.74305534424491,17.431468964356355
558,9.466583252433496,10.047180178134107,11.258850097969033,[485.15472412 -48.87037659],[475.68814087 -48.87028122],[465.64096069 -48.87006378],[454.3821106  -48.86997986],13.821312905966511,14.522112848715668,15.775033951386954,17.51501655691311
559,9.397521973140151,9.923156740663515,11.082580566724006,[486.54046631 -48.87037659],[477.14294434 -48.87028122],[467.2197876  -48.87006378],[456.13720703 -48.86997986],13.889218332212547,14.56849956563973,15.797948837823236,17.57740020891554
560,9.33062744189362,9.80175781491177,10.903076172197988,[487.93283081 -48.87037659],[478.60220337 -48.87028122],[468.80044556 -48.87006378],[457.89736938 -48.86997986],13.954433443256917,14.611686707273044,15.81274032643183,17.61710739287157
561,9.26596069349208,9.683532717284965,10.721893310875322,[489.33166504 -48.87033081],[480.06570435 -48.87028122],[470.38217163 -48.87006378],[459.66027832 -48.86997986],14.017066004297568,14.651962280927485,15.820368767249931,17.636251451111363
562,9.203674316539853,9.568878176298591,10.540069580412236,[490.73675537 -48.87033081],[481.53308105 -48.87028122],[471.96420288 -48.87006378],[461.4241333  -48.86997986],14.077210426869843,14.689598084116302,15.821738243529564,17.638038636727668
563,9.143707275525104,9.457794191952607,10.35891723666808,[492.14767456 -48.87033081],[483.00396729 -48.87028122],[473.5461731  -48.87006378],[463.18725586 -48.86997986],14.134962082696317,14.72484970156893,15.81770515480783,17.623201371624273
564,9.08590698255721,9.35076904549684,10.179412842142824,[493.56417847 -48.87033081],[484.47827148 -48.87028122],[475.12750244 -48.87006378],[464.9480896  -48.86997986],14.19041061474296,14.757943154078353,15.809048653001119,17.59306907781139
565,9.030334472792417,9.248016359978054,10.002655029648938,[494.9861145  -48.87033081],[485.95578003 -48.87028122],[476.70776367 -48.87006378],[466.70510864 -48.86997986],14.243647576088364,14.789075852217826,15.797476768810009,17.549934388356977
566,8.976867675918228,9.149658205708658,9.82949829137389,[496.41323853 -48.87033081],[487.43637085 -48.87028122],[478.28671265 -48.87006378],[468.45721436 -48.86997986],14.294756890088195,14.81843471614852,15.782271385476939,17.495374680585336
567,8.925689697403389,9.055908205735404,9.660644531614526,[497.84545898 -48.87033081],[488.91976929 -48.87028122],[479.86386108 -48.87006378],[470.20321655 -48.86997986],14.343815804345239,14.846186638875459,15.763240814462177,17.430629731112255
568,8.876647949357276,8.966735842668369,9.49676513702521,[499.28240967 -48.87033081],[490.40576172 -48.87028122],[481.43902588 -48.87005615],[471.94226074 -48.86997986],14.390896798098073,14.872487069313253,15.74271106742441,17.357095719141473
569,8.82949829115489,8.882293704023347,9.338684082342898,[500.72393799 -48.87033081],[491.8944397  -48.87028122],[483.012146   -48.87005615],[473.67346191 -48.86997986],14.436089516728146,14.897482873308483,15.721031189051697,17.27630806032447
570,8.784454345843104,8.802551272408554,9.186553955394935,[502.16995239 -48.87033081],[493.38549805 -48.87028122],[484.58294678 -48.87005615],[475.39639282 -48.86997986],14.479459763763085,14.92126941829597,15.69794559485669,17.189710617578616
571,8.741241455218796,8.727478030245804,9.041046142900033,[503.62014771 -48.87033081],[494.87890625 -48.87028122],[486.15142822 -48.87005615],[477.11038208 -48.86997986],14.52108383314982,14.94396495989369,15.674343109171984,17.098443985388837
572,8.700042724750713,8.656921389644456,8.902526855795667,[505.07452393 -48.87033081],[496.3744812  -48.87028122],[487.71755981 -48.87005615],[478.81503296 -48.86997986],14.561036111488523,14.965670587580773,15.650756835959434,17.00365448028583
573,8.660675049312031,8.590820314451364,8.77124023474082,[506.53283691 -48.87033081],[497.87216187 -48.87023926],[489.28134155 -48.87005615],[480.51010132 -48.86997604],14.599375726590658,14.986475946747847,15.627198219309467,16.906572342138517
574,8.622772217168993,8.529174806652966,8.647430420292933,[507.99475098 -48.87031937],[499.37197876 -48.87023926],[490.84280396 -48.87005615],[482.19537354 -48.86997604],14.63617420403097,15.00645065363742,15.604018211368155,16.808198928929052
575,8.586578369514312,8.471801759791276,8.531188965219863,[509.46032715 -48.87031937],[500.87374878 -48.87023926],[492.40194702 -48.87005615],[483.87075806 -48.86997604],14.671489717292479,15.025654793520472,15.581597328186367,16.709390640306705
576,8.552124023812693,8.41839599808508,8.422607422255963,[510.92941284 -48.87031937],[502.37728882 -48.87023926],[493.95889282 -48.87005615],[485.5362854  -48.86997604],14.705379488110228,15.044138909030396,15.560039520264048,16.611051559461263
577,8.519012451241055,8.368957521534345,8.321746826557455,[512.4017334  -48.87027359],[503.88272095 -48.87023926],[495.51376343 -48.87005615],[487.1920166  -48.86997604],14.737903597210096,15.061973572374749,15.539482116702239,16.513965606689585
578,8.487396240303813,8.323150636779744,8.228546142968073,[513.8772583  -48.87027359],[505.38986206 -48.87023926],[497.06671143 -48.87005615],[488.83816528 -48.86997604],14.769113541079134,15.079195976860586,15.520129203804181,16.41876792908468
579,8.457092285225938,8.281005861399368,8.142852783597176,[515.35583496 -48.87027359],[506.89874268 -48.87023926],[498.61773682 -48.87005615],[490.47488403 -48.86997604],14.799058914764306,15.095820427583785,15.502066612258144,16.325757980379695
580,8.428131103585551,8.24221801961202,8.064544678132252,[516.83734131 -48.87027359],[508.40921021 -48.87023926],[500.16699219 -48.87005615],[492.10244751 -48.86997604],14.827792168143088,15.111905098666112,15.485338211082457,16.235916137771024
581,8.400421142648282,8.206604005948972,7.993347168370171,[518.32165527 -48.87027359],[509.92123413 -48.87023926],[501.71463013 -48.87005615],[493.72128296 -48.86997604],14.855360985225404,15.127467156240195,15.470034599336719,16.149948120251725
582,8.373809814523506,8.173889162207146,7.929199219154668,[519.80859375 -48.87027359],[511.43478394 -48.87023926],[503.26089478 -48.87005615],[495.33169556 -48.86997604],14.881810188709567,15.142534256861213,15.456178665204135,16.067661285609365
583,8.348327636789346,8.14407348838653,7.871704101970124,[521.29815674 -48.87027359],[512.9498291  -48.87023926],[504.80575562 -48.87005615],[496.93405151 -48.86997604],14.907184601268728,15.15711307624687,15.443413734490854,15.989403724968378
584,8.323913574289552,8.116790773549699,7.82064819376966,[522.79022217 -48.87027359],[514.46630859 -48.87023926],[506.34951782 -48.87005615],[498.52886963 -48.86997604],14.93152999925871,15.17123508565346,15.431633949346732,15.915618896886054
585,8.300415039133503,8.092102052852876,7.7755432133032905,[524.28460693 -48.87027359],[515.98419189 -48.87023926],[507.89208984 -48.87005615],[500.11654663 -48.86997604],14.954883575974208,15.184903146106262,15.421994209368487,15.8454980855392
586,8.277954101633695,8.06954956262429,7.736389160653767,[525.78137207 -48.87027359],[517.50341797 -48.87023926],[509.43386841 -48.87005615],[501.69747925 -48.86996841],14.977284432062065,15.198135377416113,15.4143524170832,15.780290604284419
587,8.256347656321381,8.048980714973348,7.702697754405943,[527.28027344 -48.87027359],[519.02392578 -48.87023926],[510.97494507 -48.87005615],[503.27224731 -48.86996841],14.998772621843745,15.210943223680315,15.407614708049728,15.720978737955852
588,8.235534668040312,8.03033447474381,7.674072266126557,[528.78125    -48.87027359],[520.54571533 -48.87023926],[512.51538086 -48.87005615],[504.84130859 -48.86996841],15.019388199640334,15.223336221642793,15.402094841117782,15.666105271652622
589,8.215637207287195,8.013366700671515,7.650207520034371,[530.28436279 -48.87027359],[522.06872559 -48.87020874],[514.05535889 -48.87005615],[506.40515137 -48.86996841],15.039159775685976,15.235318186006715,15.398027420168967,15.615642549146289
590,8.196411133069045,7.997924806143069,7.630798340348151,[531.78930664 -48.87027359],[523.59289551 -48.87020874],[515.5949707  -48.87005615],[507.96417236 -48.86996841],15.05812358960508,15.246898651992353,15.394982338086525,15.570239068901508
591,8.177978515882124,7.983764649895651,7.615356445499764,[533.29614258 -48.87027359],[525.11816406 -48.87020874],[517.13439941 -48.87005615],[509.51904297 -48.87000275],15.076308251630469,15.258091927625678,15.39289474501759,15.529460909093027
592,8.160156250257685,7.9710693373979735,7.6034851076094325,[534.80474854 -48.87027359],[526.64459229 -48.87020874],[518.67352295 -48.87005615],[511.07003784 -48.87000275],15.093743325666837,15.26890182595513,15.391860008392342,15.492952347552231
593,8.14294433619573,7.959472657712601,7.595031738469016,[536.31500244 -48.87027359],[528.17205811 -48.87020874],[520.21258545 -48.87005615],[512.61755371 -48.87000275],15.110466005017958,15.27931594948344,15.391718864601257,15.460832596723277
594,8.126403808852505,7.948913575683294,7.5895996095629,[537.82696533 -48.87027359],[529.70056152 -48.87020874],[521.75164795 -48.87005615],[514.16204834 -48.87000275],15.126488687451866,15.289399148069371,15.392345428633266,15.432922364080966
595,8.110473632885165,7.9390258803726175,7.586975097844215,[539.34051514 -48.87024307],[531.2300415  -48.87020874],[523.29101562 -48.87005615],[515.70404053 -48.87000275],15.141856195663951,15.299099923298659,15.3937273027225,15.408897400636558
596,8.094970703197804,7.929992677249288,7.58679199237547,[540.85546875 -48.87024307],[532.76049805 -48.87020874],[524.83050537 -48.87005615],[517.24371338 -48.87000275],15.156579018537197,15.308377267157313,15.39577102678702,15.387643814799127
597,8.080139160229189,7.9215698256883496,7.588745117375422,[542.37194824 -48.87024307],[534.29180908 -48.87020874],[526.37023926 -48.87005615],[518.78149414 -48.87000275],15.170693398631045,15.3173198713522,15.398354530513176,15.370417595623627
598,8.065673828198069,7.9137573256898,7.5925292970628275,[543.88970947 -48.87024307],[535.82403564 -48.87020874],[527.91027832 -48.87005615],[520.31774902 -48.87000275],15.184210778371007,15.325927735882821,15.401424408139356,15.357713700066688
599,8.051696777416947,7.90655517725364,7.597656250187701,[545.40881348 -48.87024307],[537.3571167  -48.87020874],[529.45056152 -48.87005615],[521.85290527 -48.87000275],15.197165490306725,15.334159852752451,15.404925346555734,15.34757804944824
600,8.03820800788582,7.899719239754914,7.604003906437544,[546.92919922 -48.87024307],[538.89099121 -48.87020874],[530.99127197 -48.87005615],[523.38726807 -48.87000275],15.209573746916929,15.342046739542324,15.408770561398766,15.339981079859525
601,8.025207519825,7.893249512604595,7.611328125187364,[548.45080566 -48.87024307],[540.42559814 -48.87017441],[532.53234863 -48.87005615],[524.92102051 -48.87000275],15.221458436370172,15.349617960157362,15.41289520281514,15.335374832927311
602,8.01263427763796,7.887023926667794,7.619567871280911,[549.97357178 -48.87024307],[541.9609375  -48.87017441],[534.07391357 -48.87005615],[526.4543457  -48.87000275],15.232841493165209,15.356857300506539,15.417239189323624,15.333044052913731
603,8.000366211232162,7.881164551668453,7.628356933780696,[551.49743652 -48.87024307],[543.49707031 -48.87017441],[535.61590576 -48.87005615],[527.98754883 -48.87000275],15.243737222412603,15.363769532083982,15.42174530046476,15.332633972970859
604,7.988647461232595,7.8754272469816,7.637451172061723,[553.0223999  -48.87024307],[545.03375244 -48.87017441],[537.1583252  -48.87005615],[529.52087402 -48.87000275],15.254167558620713,15.370366097232534,15.426345825362397,15.334223748068894
605,7.977294921966208,7.86993408291972,7.646728515811496,[554.54840088 -48.87021255],[546.57110596 -48.87017441],[538.70117188 -48.87005615],[531.05444336 -48.87000275],15.264153482627698,15.376665116035602,15.431009292763862,15.337499619358255
606,7.966125488372586,7.864624024326569,7.656127929873768,[556.07531738 -48.87021255],[548.10919189 -48.87017441],[540.24456787 -48.87005615],[532.58843994 -48.87000275],15.273703575989321,15.382675171569344,15.435690879976315,15.342123986130192
607,7.955505371185208,7.85931396573342,7.665405273623542,[557.60321045 -48.87021255],[549.64770508 -48.87017441],[541.78839111 -48.87005615],[534.12298584 -48.87000275],15.282839776111757,15.388386727072245,15.440342903284185,15.348009110346833
608,7.945068359466578,7.8541870126090005,7.67456054706082,[559.13195801 -48.87021255],[551.18688965 -48.87017441],[543.33270264 -48.87005615],[535.65814209 -48.87000275],15.291586876887948,15.3938159949953,15.444931030411915,15.354707718755298
609,7.935058593841694,7.849182129797068,7.683349609560608,[560.66162109 -48.87021255],[552.7265625  -48.87017441],[544.87738037 -48.87005615],[537.19403076 -48.87000275],15.299945832256654,15.39896965105458,15.44942188275888,15.362346650037736
610,7.925354003998056,7.844116211828894,7.691833496279153,[562.19207764 -48.87021255],[554.26672363 -48.87017441],[546.42260742 -48.87005615],[538.73077393 -48.87000275],15.307929039997653,15.40386104668692,15.453791618467013,15.370983124656595
611,7.915893554779416,7.839172364173206,7.69982910174771,[563.7232666  -48.87021255],[555.80737305 -48.87017441],[547.96820068 -48.87005615],[540.26837158 -48.87000275],15.31557178604236,15.408500672311074,15.458003044238268,15.380033493927463
612,7.9067993164982715,7.834228516517519,7.70733642596628,[565.25524902 -48.87021255],[557.34844971 -48.87017441],[549.51422119 -48.87005615],[541.80688477 -48.87000275],15.32287407038259,15.412886620578002,15.462049484352343,15.389371872840885
613,7.897888183685875,7.829406739174319,7.714294433778613,[566.78790283 -48.87021255],[558.89001465 -48.87017441],[551.06060791 -48.87005615],[543.34631348 -48.87000275],15.329843522406254,15.41703224292922,15.465913772672051,15.399037362045622
614,7.889343261810975,7.824462891518633,7.720703125184709,[568.32122803 -48.87021255],[560.43188477 -48.87017441],[552.60742188 -48.87005615],[544.88671875 -48.87000275],15.336491586205192,15.42094898345743,15.469575882036269,15.408810616446544
615,7.881042480561073,7.819641114175433,7.726379394715824,[569.85522461 -48.87021255],[561.97418213 -48.87017441],[554.15454102 -48.87005615],[546.42816162 -48.87000275],15.342849733031361,15.424633027466175,15.473025322027922,15.41849804016001
616,7.872985839936167,7.814758301675992,7.73156738299695,[571.38983154 -48.87021255],[563.5168457  -48.87017441],[555.7020874  -48.87005615],[547.97052002 -48.87000275],15.348917962886723,15.428100587421293,15.47625350957879,15.42811775299674
617,7.865234375059205,7.809997559489037,7.735900879090597,[572.92504883 -48.87020493],[565.05981445 -48.87017441],[557.24981689 -48.87005615],[549.51391602 -48.87000275],15.354701997818374,15.43137073680873,15.479248046922198,15.43760967347581
618,7.857666015684262,7.805358887614569,7.739685058778006,[574.46087646 -48.87020493],[566.60321045 -48.87017441],[558.79785156 -48.87005615],[551.0581665  -48.87000275],15.360221864558596,15.434436799911248,15.482017517127462,15.446794510822066
619,7.850280761811434,7.800598145114215,7.74291992205918,[575.99713135 -48.87018967],[568.14685059 -48.87015152],[560.34625244 -48.87005615],[552.60333252 -48.87000275],15.36547470291613,15.43730926714782,15.484564781217637,15.455623627650523
620,7.843322753999017,7.795837402927071,7.74542236346537,[577.53399658 -48.87018967],[569.69067383 -48.87015152],[561.89483643 -48.87005615],[554.14941406 -48.87000275],15.370483399781591,15.439995766753832,15.486874580403896,15.464085579866174
621,7.8364868164990975,7.791137695896173,7.747436523621572,[579.07128906 -48.87018967],[571.23480225 -48.87015152],[563.44366455 -48.87005615],[555.69622803 -48.87000275],15.375258447223805,15.442509652400366,15.488950729383678,15.472107888222933
622,7.829833984467926,7.786621094334011,7.74877929705904,[580.60906982 -48.87018967],[572.77923584 -48.87015152],[564.99261475 -48.87005615],[557.24383545 -48.87000275],15.379800798015273,15.444894791823975,15.490805625923388,15.479638100632055
623,7.823486328218001,7.781921387303114,7.74963378924652,[582.14727783 -48.87018967],[574.3237915  -48.87015152],[566.54187012 -48.87005615],[558.79223633 -48.87000275],15.384120942728629,15.447099686841797,15.492451667789126,15.486779213920347
624,7.817199707124327,7.777648926365935,7.7498168947152655,[583.68591309 -48.87018967],[575.86871338 -48.87015152],[568.09106445 -48.87005615],[560.34124756 -48.87000275],15.38823318648475,15.449103356620927,15.493885993958356,15.49333953955119
625,7.811279296968147,7.773010254491283,7.749694824402768,[585.22491455 -48.87018967],[577.41363525 -48.87015152],[569.640625   -48.87005615],[561.89093018 -48.87000275],15.392138482948784,15.45098018774718,15.495110511779792,15.499215127021287
626,7.805419921908558,7.76867675839786,7.749084472840283,[586.76434326 -48.87017441],[578.95892334 -48.87015152],[571.19024658 -48.87005615],[563.44116211 -48.87000275],15.395840646809026,15.452724458165074,15.496137619019835,15.504596711194562
627,7.799926757846082,7.764343262304437,7.747985840027809,[588.30413818 -48.87017441],[580.50421143 -48.87015152],[572.73986816 -48.87005615],[564.99188232 -48.87000275],15.399361611766276,15.454313279683992,15.4969720840503,15.509469033286301
628,7.794494628939855,7.760253906835995,7.746398925965347,[589.84423828 -48.87017441],[582.04974365 -48.87015152],[574.28948975 -48.87005615],[566.54309082 -48.87000275],15.402702333052133,15.455780984580345,15.49762916566047,15.51373958688261
629,7.789306640658627,7.7562255865238,7.744506836121642,[591.38470459 -48.87017441],[583.59539795 -48.87015152],[575.83917236 -48.87005615],[568.09466553 -48.87000275],15.4058666244563,15.457140924294109,15.498119354268072,15.517457963050202
630,7.784362793002399,7.751953125586623,7.742553711121689,[592.92547607 -48.87017441],[585.14111328 -48.87015152],[577.38916016 -48.87005615],[569.64660645 -48.87000275],15.408863069210444,15.4583749790126,15.498460769685435,15.520670891829266
631,7.77947998077178,7.747863769689957,7.740295410340492,[594.4664917  -48.87017441],[586.68701172 -48.87010574],[578.93914795 -48.87005615],[571.19885254 -48.87000275],15.411701204067366,15.45950508324751,15.498631477403485,15.52338123424513
632,7.774719238584465,7.743896484533788,7.737915039246799,[596.0078125  -48.87017441],[588.23309326 -48.87010574],[580.48919678 -48.87005615],[572.75128174 -48.87000275],15.414384843716212,15.460538864478465,15.498650550908978,15.525595666016667
633,7.770141601833119,7.740051269690117,7.7351684572156145,[597.54937744 -48.87017059],[589.77923584 -48.87010574],[582.03918457 -48.87005615],[574.30401611 -48.87000275],15.416917802845784,15.461462021275969,15.498549461454587,15.527354241464588
634,7.765869140928561,7.736145019666684,7.732421875184429,[599.09118652 -48.87017059],[591.32531738 -48.87010193],[583.58917236 -48.87005615],[575.85675049 -48.87000275],15.419307710632117,15.462285995740011,15.498317718622985,15.528669358355735
635,7.761840820346246,7.7324218751355,7.729431152528251,[600.63330078 -48.87012482],[592.87145996 -48.87010193],[585.13903809 -48.87005615],[577.40960693 -48.87000275],15.421562196889758,15.463032722581708,15.4979581834376,15.529561043850158
636,7.757507324252515,7.729309082166804,7.725891113465836,[602.17547607 -48.87012482],[594.41796875 -48.87010193],[586.68865967 -48.87005615],[578.96276855 -48.87000275],15.423673630085428,15.463706970284012,15.497492790407797,15.530061722875411
637,7.753662109408782,7.72613525404186,7.722412109559668,[603.71807861 -48.87012482],[595.9644165  -48.87010193],[588.23828125 -48.87005615],[580.51586914 -48.87000275],15.42566013373285,15.464277267497645,15.496962547530368,15.530165673385637
638,7.749694824242222,7.723022461031711,7.718872070553811,[605.26062012 -48.870121  ],[597.51092529 -48.87010193],[589.78790283 -48.87006378],[582.06903076 -48.87000275],15.42753410361975,15.464763641382373,15.496368408478654,15.529903412957252
639,7.7461547851797325,7.719970703219248,7.715332031491421,[606.80358887 -48.870121  ],[599.05743408 -48.87010193],[591.33746338 -48.87006378],[583.62213135 -48.87000275],15.429282188501551,15.465188980117336,15.495688438942874,15.529332162051835
640,7.742675781273493,7.716796875094287,7.712219238522769,[608.34655762 -48.870121  ],[600.60388184 -48.87010193],[592.88708496 -48.87006378],[585.17486572 -48.87000275],15.430916786243944,15.4655389785848,15.494942665708287,15.528468133129506
641,7.739379882836003,7.713684082125575,7.7091064455541165,[609.88977051 -48.870121  ],[602.15039062 -48.87010193],[594.43670654 -48.87006378],[586.7276001  -48.87000275],15.432445526149216,15.46582317352693,15.494133950027104,15.527354241537491
642,7.736267089867263,7.710937500094359,7.7055664064917275,[611.43310547 -48.870121  ],[603.69683838 -48.87010193],[595.98590088 -48.87006378],[588.28033447 -48.87000275],15.433871269238946,15.466053009034683,15.49325180143091,15.526033402618653
643,7.7330932617422725,7.708190918063143,7.702331543210579,[612.97644043 -48.870121  ],[605.24334717 -48.87010193],[597.53515625 -48.87006378],[589.83282471 -48.87000275],15.43519401550854,15.466231346130632,15.492327691171022,15.52448463553858
644,7.7302856445547805,7.705505371188176,7.699157715085678,[614.5201416 -48.870121 ],[606.78985596 -48.87010193],[599.08435059 -48.87006378],[591.38519287 -48.87000275],15.436420440675597,15.46634960174562,15.491373063339685,15.522740365223362
645,7.7276000976797885,7.7026977540007096,7.696228027585771,[616.06390381 -48.870121  ],[608.33630371 -48.87010193],[600.63360596 -48.87006378],[592.93737793 -48.87000275],15.437558174133486,15.466417312622509,15.490367890781549,15.52085685845852
646,7.724853515648547,7.700378418063238,7.693115234617118,[617.60766602 -48.870121  ],[609.8828125  -48.87010193],[602.18243408 -48.87006378],[594.48931885 -48.87000275],15.438605308532848,15.466450691224466,15.489318849218028,15.518844605660409
647,7.722229003929805,7.697998046969517,7.690185547117211,[619.15148926 -48.870121  ],[611.42926025 -48.87010193],[603.73126221 -48.87006378],[596.04107666 -48.87000275],15.439563751221893,15.46643733978517,15.488255502554413,15.516708375201544
648,7.7198486328360625,7.69567871112281,7.687438964980042,[620.69561768 -48.870121  ],[612.97576904 -48.87010193],[605.28009033 -48.87004852],[597.59265137 -48.87000275],15.440440177920436,15.466367721561308,15.487175943441416,15.514470101590476
649,7.71746826174232,7.693481445497863,7.684875488417588,[622.23974609 -48.870121  ],[614.52227783 -48.87010193],[606.82879639 -48.87004852],[599.1439209  -48.87000275],15.441240310674075,15.466267585759226,15.486067773302896,15.512178422216984
650,7.715148925804827,7.691467285341662,7.682128906386386,[623.78387451 -48.870121  ],[616.06872559 -48.87010193],[608.3772583  -48.87004852],[600.69512939 -48.87000275],15.441962242133902,15.466132164007103,15.48494434514143,15.509828568711772
651,7.712768554711084,7.689575195497957,7.679748535292679,[625.32800293 -48.870121  ],[617.61523438 -48.87010193],[609.92565918 -48.87004852],[602.24591064 -48.87000275],15.442611694345613,15.465949058538937,15.483823777861554,15.507418633723239
652,7.710510253929841,7.687561035341756,7.677612304823967,[626.87219238 -48.870121  ],[619.16168213 -48.87010193],[611.47412109 -48.87004852],[603.79650879 -48.87000275],15.443189620983187,15.465721130377608,15.482714654696196,15.504989625249332
653,7.708374023461098,7.685913086123046,7.675354004042757,[628.41656494 -48.870121  ],[620.70819092 -48.87010193],[613.02227783 -48.87004852],[605.34692383 -48.87000275],15.443703651441274,15.465450286871704,15.481573106640557,15.502566338819813
654,7.706420898461103,7.684387207216832,7.673339843886542,[629.96112061 -48.870121  ],[622.25469971 -48.87010193],[614.5703125  -48.87004852],[606.89697266 -48.87000275],15.444148063673598,15.465142250067037,15.480433465957859,15.500136376672
655,7.70452880861736,7.682800293608953,7.67144775390625,[631.50567627 -48.870121  ],[623.80114746 -48.87010193],[616.11834717 -48.87000275],[608.44689941 -48.87000275],15.444529533400326,15.464806556706922,15.47931862082328,15.497711182894104
656,7.702514648461116,7.68139648501532,7.66973876953125,[633.0501709 -48.870121 ],[625.34765625 -48.87010193],[617.66625977 -48.87000275],[609.996521   -48.87000275],15.444854736341966,15.464440345768319,15.478197098098562,15.495314599344946
657,7.700622558617371,7.680175781890421,7.66802978515625,[634.59472656 -48.870121  ],[626.894104   -48.87010193],[619.21392822 -48.87000275],[611.54589844 -48.87000275],15.445120811475308,15.464031219485495,15.477076530817722,15.492957116445547
658,7.698608398461127,7.679016113971986,7.6665039062509495,[636.13922119 -48.870121  ],[628.44061279 -48.87010193],[620.76159668 -48.86999893],[613.09509277 -48.87000275],15.445329666149215,15.463585853578548,15.475977897854431,15.490633012143597
659,7.6966552734611335,7.67785644600334,7.6652832031259495,[637.68377686 -48.870121  ],[629.98712158 -48.87010193],[622.30926514 -48.86999893],[614.64398193 -48.87000275],15.445487022409461,15.463100433350448,15.474890708993048,15.488348962165176
660,7.695007324242389,7.676757813190939,7.6638183593759495,[639.22833252 -48.870121  ],[631.5333252  -48.87010193],[623.85656738 -48.86999893],[616.19274902 -48.87000275],15.445592880256346,15.462569236755536,15.473804473908531,15.486133576735638
661,7.693359375023643,7.675598145222294,7.6626586914071995,[640.77282715 -48.870121  ],[633.07946777 -48.87010193],[625.40386963 -48.86999893],[617.74121094 -48.87000275],15.445650100712923,15.46201515197757,15.472722053537263,15.48396968972063
662,7.691833496117399,7.6744384772536485,7.6616210937509495,[642.31738281 -48.870121  ],[634.62554932 -48.87010193],[626.95111084 -48.86999893],[619.28948975 -48.87000275],15.445661544802572,15.461441040039832,15.471636772156552,15.481862069490052
663,7.690246582054903,7.673339844441247,7.6607055664071995,[643.86187744 -48.870121  ],[636.17163086 -48.87010193],[628.49829102 -48.86999893],[620.83758545 -48.87000275],15.445626258851133,15.460838317873597,15.470550537110592,15.479810716043723
664,7.6887207031486575,7.672546387410068,7.6597290039071995,[645.40643311 -48.870121  ],[637.7177124  -48.87010193],[630.04516602 -48.86999893],[622.38543701 -48.87000275],15.445546150207601,15.460205078130784,15.469452857980105,15.47781467570741
665,7.687194824242413,7.67175293037889,7.65893554687595,[646.95098877 -48.870121  ],[639.26379395 -48.87010193],[631.59204102 -48.86999893],[623.93310547 -48.87000275],15.445424079895297,15.45954513550876,15.468372344993941,15.475883485224735
666,7.685668945336167,7.670898438191467,7.65832519531345,[648.4954834 -48.870121 ],[640.80981445 -48.87010193],[633.13891602 -48.86999893],[625.48059082 -48.87000275],15.445265769960548,15.458859443682469,15.467308044477562,15.474016190919112
667,7.684509277367421,7.6699829108478,7.6576538085947,[650.04003906 -48.870121  ],[642.35552979 -48.87010193],[634.68554688 -48.86999893],[627.02789307 -48.87000275],15.445065498357799,15.458143234280517,15.466228485178833,15.472217561166929
668,7.683288574242424,7.669189453816621,7.65698242187595,[651.58453369 -48.870121  ],[643.90124512 -48.87010193],[636.23205566 -48.86999893],[628.57507324 -48.87000275],15.444828987133592,15.457414627115634,15.465142250166334,15.470479012894863
669,7.682128906273678,7.668395996785443,7.65661621093845,[653.12908936 -48.870121  ],[645.44696045 -48.87010193],[637.77856445 -48.86999893],[630.12194824 -48.87000275],15.444558143636991,15.456682205256712,15.46405887618353,15.468782426294421
670,7.6810302734611815,7.667602539754264,7.6561889648447,[654.67364502 -48.870121  ],[646.99261475 -48.87010193],[639.32501221 -48.86999893],[631.66882324 -48.87000275],15.44425106052012,15.455924987869532,15.462973594858495,15.467141152803059
671,7.679809570336185,7.667236328816797,7.6557006835947,[656.21813965 -48.870121  ],[648.53833008 -48.87010193],[640.87109375 -48.86999893],[633.21539307 -48.87000275],15.443914413503531,15.455156326395208,15.46188640619157,15.465560914467526
672,7.678955078148688,7.666442871785619,7.65539550781345,[657.76263428 -48.870121  ],[650.0836792  -48.87010193],[642.41723633 -48.86999893],[634.76184082 -48.87000275],15.443545341565285,15.454369545113927,15.460816383668893,15.464017869429771
673,7.67816162111744,7.665710449910685,7.6550903320322,[659.30718994 -48.870121  ],[651.62902832 -48.87010193],[643.96331787 -48.86999893],[636.30822754 -48.87000275],15.443145752054656,15.453576088117979,15.459744453804507,15.462520600759742
674,7.677368164086193,7.6651000983482405,7.65490722656345,[660.85168457 -48.870121  ],[653.17431641 -48.87010193],[645.50921631 -48.86999893],[637.85430908 -48.87000275],15.442716598646712,15.452791214197385,15.458650589436703,15.461073876828946
